___________________________:0
agent_0_cam: [[ 3.38932246e-01 -4.47034729e-08 -9.40810561e-01 -5.06033897e+00]
 [-3.49408448e-01  9.28476691e-01 -1.25876337e-01 -4.50243044e+00]
 [ 8.73520851e-01  3.71390760e-01  3.14690650e-01  7.55363607e+00]
 [-0.00000000e+00  0.00000000e+00 -0.00000000e+00  1.00000000e+00]]
3dpro: Vector(1.73842, 0.314703, 0.942404)
3dpro: Vector(-1.51323, -0.357875, 1.33433)
___________________________:1
agent_0_cam: [[ 2.59446025e-01  7.45057882e-09 -9.65757370e-01 -5.74492550e+00]
 [-3.58673513e-01  9.28476691e-01 -9.63559002e-02 -4.33512735e+00]
 [ 8.96683216e-01  3.71390760e-01  2.40889639e-01  7.13537645e+00]
 [-0.00000000e+00 -0.00000000e+00 -0.00000000e+00  1.00000000e+00]]
3dpro: Vector(1.44506, 0.275757, 0.978127)
3dpro: Vector(-1.82779, -0.41108, 1.36875)
___________________________:2
agent_0_cam: [[ 1.78159088e-01 -7.45058060e-09 -9.84001756e-01 -6.38964272e+00]
 [-3.65449101e-01  9.28476632e-01 -6.61666319e-02 -4.14723969e+00]
 [ 9.13622618e-01  3.71390730e-01  1.65416554e-01  6.66566086e+00]
 [-0.00000000e+00  0.00000000e+00 -0.00000000e+00  1.00000000e+00]]
3dpro: Vector(1.2149, 0.246915, 1.00619)
3dpro: Vector(-2.25569, -0.486837, 1.41552)
___________________________:3
agent_0_cam: [[ 9.56356600e-02  6.70552041e-08 -9.95416284e-01 -6.99000931e+00]
 [-3.69688421e-01  9.28476691e-01 -3.55181843e-02 -3.94007492e+00]
 [ 9.24220741e-01  3.71390671e-01  8.87955055e-02  6.14774895e+00]
 [-0.00000000e+00 -0.00000000e+00 -0.00000000e+00  1.00000000e+00]]
3dpro: Vector(1.02714, 0.224948, 1.02911)
3dpro: Vector(-2.88228, -0.601947, 1.48392)
___________________________:4
agent_0_cam: [[ 1.24481050e-02 -4.28408242e-08 -9.99922216e-01 -7.54186440e+00]
 [-3.71362060e-01  9.28476751e-01 -4.62314533e-03 -3.71506977e+00]
 [ 9.28404510e-01  3.71390790e-01  1.15577774e-02  5.58523321e+00]
 [-0.00000000e+00  0.00000000e+00 -0.00000000e+00  1.00000000e+00]]
3dpro: Vector(0.869054, 0.207895, 1.04844)
3dpro: Vector(-3.90621, -0.795576, 1.59561)
___________________________:5
agent_0_cam: [[-7.08254799e-02 -1.86264426e-08 -9.97488379e-01 -8.04137516e+00]
 [-3.70458126e-01  9.28476632e-01  2.63039265e-02 -3.47378516e+00]
 [ 9.26144838e-01  3.71390760e-01 -6.57598227e-02  4.98202276e+00]
 [-0.00000000e+00  0.00000000e+00  0.00000000e+00  1.00000000e+00]]
3dpro: Vector(0.732365, 0.1945, 1.06518)
3dpro: Vector(-5.92188, -1.18497, 1.81531)
___________________________:6
agent_0_cam: [[-1.53607532e-01 -3.72529065e-08 -9.88131940e-01 -8.48507786e+00]
 [-3.66983116e-01  9.28476810e-01  5.70484102e-02 -3.21789694e+00]
 [ 9.17457402e-01  3.71390730e-01 -1.42620996e-01  4.34230280e+00]
 [-0.00000000e+00  0.00000000e+00  0.00000000e+00  1.00000000e+00]]
3dpro: Vector(0.611435, 0.183926, 1.08002)
3dpro: Vector(-11.8833, -2.35295, 2.4648)
___________________________:7
agent_0_cam: [[-0.23532346 -0.         -0.97191679 -8.86988544]
 [-0.36096105  0.92847669  0.08739702 -2.94917917]
 [ 0.90240192  0.37139067 -0.21849233  3.67050886]
 [-0.          0.         -0.          1.        ]]
3dpro: Vector(0.502258, 0.175599, 1.09343)
3dpro: Vector(-1611.84, -318.026, 176.737)
___________________________:8
agent_0_cam: [[-3.15405905e-01  7.45057704e-08 -9.48956430e-01 -9.19313335e+00]
 [-3.52433830e-01  9.28476632e-01  1.17138930e-01 -2.66950011e+00]
 [ 8.81084085e-01  3.71390641e-01 -2.92847008e-01  2.97131205e+00]
 [-0.00000000e+00 -0.00000000e+00 -0.00000000e+00  9.99999881e-01]]
3dpro: Vector(0.401872, 0.169116, 1.10579)
3dpro: Vector(12.0624, 2.38815, -0.143152)
___________________________:9
agent_0_cam: [[-3.93299729e-01  3.72528959e-08 -9.19410110e-01 -9.45258236e+00]
 [-3.41460526e-01  9.28476691e-01  1.46067932e-01 -2.38079786e+00]
 [ 8.53650928e-01  3.71390760e-01 -3.65169615e-01  2.24955630e+00]
 [-0.00000000e+00 -0.00000000e+00 -0.00000000e+00  1.00000000e+00]]
3dpro: Vector(0.308006, 0.164193, 1.11738)
3dpro: Vector(5.96696, 1.19374, 0.520932)
___________________________:10
agent_0_cam: [[-4.68463928e-01 -2.98023188e-08 -8.83482516e-01 -9.64642429e+00]
 [-3.28117311e-01  9.28476691e-01  1.73983172e-01 -2.08507609e+00]
 [ 8.20292890e-01  3.71390790e-01 -4.34957832e-01  1.51025271e+00]
 [-0.00000000e+00  0.00000000e+00  0.00000000e+00  1.00000000e+00]]
3dpro: Vector(0.218849, 0.160632, 1.1284)
3dpro: Vector(3.92647, 0.79945, 0.74334)
___________________________:11
agent_0_cam: [[-5.40376604e-01  1.49011541e-08 -8.41422975e-01 -9.77331257e+00]
 [-3.12496811e-01  9.28476691e-01  2.00690940e-01 -1.78438866e+00]
 [ 7.81241596e-01  3.71390730e-01 -5.01727045e-01  7.58534789e-01]
 [-0.00000000e+00 -0.00000000e+00 -0.00000000e+00  1.00000000e+00]]
3dpro: Vector(0.132893, 0.158298, 1.13905)
3dpro: Vector(2.89386, 0.604107, 0.855968)
___________________________:12
agent_0_cam: [[-6.08538866e-01 -1.49011576e-08 -7.93523729e-01 -9.83237171e+00]
 [-2.94707537e-01  9.28476691e-01  2.26005793e-01 -1.48082280e+00]
 [ 7.36768484e-01  3.71390790e-01 -5.65014243e-01 -3.80039128e-04]
 [-0.00000000e+00  0.00000000e+00 -0.00000000e+00  1.00000000e+00]]
3dpro: Vector(0.0488244, 0.157105, 1.14948)
3dpro: Vector(2.26327, 0.488204, 0.924809)
___________________________:13
agent_0_cam: [[-0.67247778 -0.         -0.74011737 -9.82319164]
 [-0.27487272  0.92847669  0.24975201 -1.17648399]
 [ 0.68718165  0.37139073 -0.62437993 -0.7612263 ]
 [-0.          0.         -0.          1.        ]]
3dpro: Vector(-0.0345616, 0.157012, 1.15986)
3dpro: Vector(1.83319, 0.412016, 0.971811)
___________________________:14
agent_0_cam: [[-7.31749177e-01  1.49011665e-08 -6.81574047e-01 -9.74583244e+00]
 [-2.53130317e-01  9.28476870e-01  2.71764964e-01 -8.73485208e-01]
 [ 6.32825613e-01  3.71390820e-01 -6.79412067e-01 -1.51872206e+00]
 [-0.00000000e+00 -0.00000000e+00 -0.00000000e+00  9.99999940e-01]]
3dpro: Vector(-0.11843, 0.158015, 1.17031)
3dpro: Vector(1.51733, 0.358549, 1.00638)
___________________________:15
agent_0_cam: [[-7.85941839e-01 -2.98023153e-08 -6.18300080e-01 -9.60083103e+00]
 [-2.29631007e-01  9.28476691e-01  2.91891605e-01 -5.73930025e-01]
 [ 5.74077308e-01  3.71390730e-01 -7.29728758e-01 -2.26761174e+00]
 [-0.00000000e+00  0.00000000e+00  0.00000000e+00  1.00000000e+00]]
3dpro: Vector(-0.203975, 0.160149, 1.181)
3dpro: Vector(1.27252, 0.319327, 1.03321)
___________________________:16
agent_0_cam: [[-8.34679544e-01 -4.47034481e-08 -5.50734818e-01 -9.38919449e+00]
 [-2.04537973e-01  9.28476632e-01  3.09992492e-01 -2.79896140e-01]
 [ 5.11344552e-01  3.71390671e-01 -7.74980664e-01 -3.00269508e+00]
 [-0.00000000e+00  0.00000000e+00  0.00000000e+00  9.99999881e-01]]
3dpro: Vector(-0.292485, 0.163493, 1.19208)
3dpro: Vector(1.07476, 0.289652, 1.05492)
___________________________:17
agent_0_cam: [[-8.77624869e-01 -0.00000000e+00 -4.79347765e-01 -9.11240005e+00]
 [-1.78025380e-01  9.28476751e-01  3.25941861e-01  6.57498511e-03]
 [ 4.45063144e-01  3.71390671e-01 -8.14854026e-01 -3.71887183e+00]
 [-0.00000000e+00  0.00000000e+00 -0.00000000e+00  1.00000000e+00]]
3dpro: Vector(-0.385428, 0.16817, 1.20373)
3dpro: Vector(0.909581, 0.266717, 1.07308)
___________________________:18
agent_0_cam: [[-8.77624869e-01  2.98023259e-08 -4.79348063e-01 -9.11240292e+00]
 [-1.78025424e-01  9.28476810e-01  3.25941831e-01 -2.43750848e-02]
 [ 4.45063442e-01  3.71390760e-01 -8.14854264e-01 -3.64149785e+00]
 [-0.00000000e+00 -0.00000000e+00 -0.00000000e+00  1.00000000e+00]]
3dpro: Vector(-0.385427, 0.16817, 1.20258)
3dpro: Vector(0.767726, 0.248747, 1.08872)
___________________________:19
agent_0_cam: [[-8.77624393e-01  2.98023117e-08 -4.79348540e-01 -9.11240292e+00]
 [-1.78025633e-01  9.28476453e-01  3.25941592e-01 -5.53269200e-02]
 [ 4.45064038e-01  3.71390700e-01 -8.14853847e-01 -3.56411862e+00]
 [-0.00000000e+00 -0.00000000e+00  0.00000000e+00  1.00000000e+00]]
3dpro: Vector(-0.385426, 0.16817, 1.20143)
3dpro: Vector(0.767726, 0.248747, 1.08716)
___________________________:20
agent_0_cam: [[-8.77624929e-01  1.49011754e-08 -4.79348868e-01 -9.11240864e+00]
 [-1.78025648e-01  9.28476810e-01  3.25941592e-01 -8.62766132e-02]
 [ 4.45064247e-01  3.71390760e-01 -8.14854264e-01 -3.48674679e+00]
 [-0.00000000e+00 -0.00000000e+00  0.00000000e+00  1.00000000e+00]]
3dpro: Vector(-0.385427, 0.16817, 1.20027)
3dpro: Vector(0.642969, 0.234572, 1.10114)
___________________________:21
agent_0_cam: [[-8.77624035e-01  5.96046164e-08 -4.79349017e-01 -9.11240387e+00]
 [-1.78025901e-01  9.28476632e-01  3.25941682e-01 -1.17226303e-01]
 [ 4.45064396e-01  3.71390790e-01 -8.14853430e-01 -3.40936732e+00]
 [-0.00000000e+00 -0.00000000e+00 -0.00000000e+00  1.00000000e+00]]
3dpro: Vector(-0.385426, 0.16817, 1.19912)
3dpro: Vector(0.642968, 0.234571, 1.09967)
___________________________:22
agent_0_cam: [[-8.77623737e-01  1.49011559e-08 -4.79349583e-01 -9.11240578e+00]
 [-1.78026095e-01  9.28476632e-01  3.25941473e-01 -1.48178518e-01]
 [ 4.45065022e-01  3.71390790e-01 -8.14853251e-01 -3.33198857e+00]
 [-0.00000000e+00 -0.00000000e+00 -0.00000000e+00  1.00000000e+00]]
3dpro: Vector(-0.385425, 0.16817, 1.19796)
3dpro: Vector(0.642968, 0.234571, 1.0982)
___________________________:23
agent_0_cam: [[-8.77623439e-01  5.96046377e-08 -4.79350358e-01 -9.11241055e+00]
 [-1.78026348e-01  9.28476691e-01  3.25941384e-01 -1.79130182e-01]
 [ 4.45065618e-01  3.71390790e-01 -8.14852893e-01 -3.25460935e+00]
 [-0.00000000e+00 -0.00000000e+00 -0.00000000e+00  9.99999881e-01]]
3dpro: Vector(-0.385424, 0.16817, 1.19681)
3dpro: Vector(0.642968, 0.234571, 1.09673)
___________________________:24
agent_0_cam: [[-0.8776235  -0.         -0.47935104 -9.11241436]
 [-0.17802648  0.92847687  0.32594115 -0.21008237]
 [ 0.44506618  0.3713907  -0.81485283 -3.17723131]
 [-0.          0.          0.          1.        ]]
3dpro: Vector(-0.385424, 0.16817, 1.19565)
3dpro: Vector(0.642968, 0.234571, 1.09526)
___________________________:25
agent_0_cam: [[-9.14477348e-01  2.98023259e-08 -4.04637277e-01 -8.82093048e+00]
 [-1.50278494e-01  9.28476691e-01  3.39628398e-01  6.75891712e-02]
 [ 3.75696272e-01  3.71390730e-01 -8.49070907e-01 -3.87140918e+00]
 [-0.00000000e+00 -0.00000000e+00 -0.00000000e+00  1.00000000e+00]]
3dpro: Vector(-0.484549, 0.174369, 1.20866)
3dpro: Vector(0.642968, 0.234571, 1.09379)
___________________________:26
agent_0_cam: [[-9.14477110e-01  1.49011576e-08 -4.04637218e-01 -8.82092857e+00]
 [-1.50278553e-01  9.28476751e-01  3.39628458e-01  3.66400406e-02]
 [ 3.75696152e-01  3.71390671e-01 -8.49070668e-01 -3.79403496e+00]
 [-0.00000000e+00 -0.00000000e+00 -0.00000000e+00  1.00000000e+00]]
3dpro: Vector(-0.484549, 0.174369, 1.20747)
3dpro: Vector(0.642968, 0.234571, 1.09232)
___________________________:27
agent_0_cam: [[-9.14477348e-01 -0.00000000e+00 -4.04637277e-01 -8.82092953e+00]
 [-1.50278553e-01  9.28476751e-01  3.39628488e-01  5.69117256e-03]
 [ 3.75696301e-01  3.71390820e-01 -8.49070966e-01 -3.71666408e+00]
 [-0.00000000e+00  0.00000000e+00 -0.00000000e+00  1.00000012e+00]]
3dpro: Vector(-0.484549, 0.174369, 1.20627)
3dpro: Vector(0.642968, 0.234571, 1.09085)
___________________________:28
agent_0_cam: [[-0.91447735 -0.         -0.40463728 -8.82092953]
 [-0.15027855  0.92847675  0.33962849 -0.02525783]
 [ 0.3756963   0.37139082 -0.84907097 -3.63929152]
 [-0.          0.         -0.          1.00000012]]
3dpro: Vector(-0.484549, 0.174369, 1.20507)
3dpro: Vector(0.642968, 0.234571, 1.08938)
___________________________:29
agent_0_cam: [[-0.91447735 -0.         -0.40463728 -8.82092953]
 [-0.15027855  0.92847675  0.33962849 -0.05620708]
 [ 0.3756963   0.37139082 -0.84907097 -3.56191826]
 [-0.          0.         -0.          1.00000012]]
3dpro: Vector(-0.484549, 0.174369, 1.20387)
3dpro: Vector(0.642968, 0.234571, 1.08792)
___________________________:30
agent_0_cam: [[-0.91447735 -0.         -0.40463728 -8.82092953]
 [-0.15027855  0.92847675  0.33962849 -0.0871562 ]
 [ 0.3756963   0.37139082 -0.84907097 -3.48454595]
 [-0.          0.         -0.          1.00000012]]
3dpro: Vector(-0.484549, 0.174369, 1.20268)
3dpro: Vector(0.642968, 0.234571, 1.08645)
___________________________:31
agent_0_cam: [[-0.91447735 -0.         -0.40463728 -8.82092953]
 [-0.15027855  0.92847675  0.33962849 -0.11810533]
 [ 0.3756963   0.37139082 -0.84907097 -3.40717292]
 [-0.          0.         -0.          1.00000012]]
3dpro: Vector(-0.484549, 0.174369, 1.20148)
3dpro: Vector(0.642968, 0.234571, 1.08498)
___________________________:32
agent_0_cam: [[-0.91447735 -0.         -0.40463728 -8.82093143]
 [-0.15027855  0.92847675  0.33962849 -0.14905469]
 [ 0.3756963   0.37139082 -0.84907097 -3.32979941]
 [-0.          0.         -0.          1.00000012]]
3dpro: Vector(-0.484549, 0.174369, 1.20028)
3dpro: Vector(0.530928, 0.223391, 1.09954)
___________________________:33
agent_0_cam: [[-8.77623081e-01  1.49011612e-08 -4.79351401e-01 -9.06385994e+00]
 [-1.78026676e-01  9.28476632e-01  3.25941086e-01 -4.25975561e-01]
 [ 4.45066601e-01  3.71390700e-01 -8.14852536e-01 -2.63749743e+00]
 [-0.00000000e+00 -0.00000000e+00 -0.00000000e+00  1.00000000e+00]]
3dpro: Vector(-0.385423, 0.16817, 1.1868)
3dpro: Vector(0.530928, 0.223391, 1.09815)
___________________________:34
agent_0_cam: [[-8.34677756e-01 -2.98023153e-08 -5.50738335e-01 -9.24387932e+00]
 [-2.04539150e-01  9.28476691e-01  3.09991688e-01 -7.09444463e-01]
 [ 5.11347711e-01  3.71390700e-01 -7.74978936e-01 -1.92882586e+00]
 [-0.00000000e+00  0.00000000e+00  0.00000000e+00  1.00000000e+00]]
3dpro: Vector(-0.292481, 0.163492, 1.17419)
3dpro: Vector(0.642968, 0.234572, 1.0834)
___________________________:35
agent_0_cam: [[-7.85939515e-01  1.49011630e-08 -6.18303299e-01 -9.35974598e+00]
 [-2.29632214e-01  9.28476751e-01  2.91890740e-01 -9.97495353e-01]
 [ 5.74080288e-01  3.71390820e-01 -7.29726493e-01 -1.20869815e+00]
 [-0.00000000e+00 -0.00000000e+00 -0.00000000e+00  1.00000000e+00]]
3dpro: Vector(-0.203971, 0.160149, 1.16219)
3dpro: Vector(0.767726, 0.248748, 1.06702)
___________________________:36
agent_0_cam: [[-7.31746554e-01  4.47035013e-08 -6.81577086e-01 -9.41065502e+00]
 [-2.53131419e-01  9.28476751e-01  2.71763980e-01 -1.28812850e+00]
 [ 6.32828355e-01  3.71390849e-01 -6.79409683e-01 -4.82115000e-01]
 [-0.00000000e+00 -0.00000000e+00 -0.00000000e+00  1.00000012e+00]]
3dpro: Vector(-0.118426, 0.158015, 1.15062)
3dpro: Vector(0.909581, 0.266717, 1.04842)
___________________________:37
agent_0_cam: [[-6.72474742e-01 -2.98023188e-08 -7.40119934e-01 -9.39624214e+00]
 [-2.74873763e-01  9.28476810e-01  2.49750987e-01 -1.57932603e+00]
 [ 6.87184095e-01  3.71390790e-01 -6.24377191e-01  2.45877713e-01]
 [-0.00000000e+00  0.00000000e+00 -0.00000000e+00  1.00000012e+00]]
3dpro: Vector(-0.0345576, 0.157012, 1.1393)
3dpro: Vector(0.909581, 0.266717, 1.04842)
___________________________:38
agent_0_cam: [[-6.08536124e-01 -1.49011612e-08 -7.93526173e-01 -9.31662273e+00]
 [-2.94708252e-01  9.28476691e-01  2.26004675e-01 -1.86906743e+00]
 [ 7.36770570e-01  3.71390730e-01 -5.65011621e-01  9.70232248e-01]
 [-0.00000000e+00  0.00000000e+00 -0.00000000e+00  1.00000000e+00]]
3dpro: Vector(0.0488279, 0.157105, 1.12807)
3dpro: Vector(0.909581, 0.266717, 1.04842)
___________________________:39
agent_0_cam: [[-0.54037333 -0.         -0.84142518 -9.17233562]
 [-0.31249762  0.92847681  0.2006897  -2.15534353]
 [ 0.78124374  0.37139076 -0.50172412  1.68592131]
 [-0.          0.         -0.          1.        ]]
3dpro: Vector(0.132897, 0.158298, 1.11677)
3dpro: Vector(0.909581, 0.266717, 1.04842)
___________________________:40
agent_0_cam: [[-4.68460441e-01 -2.98023011e-08 -8.83483946e-01 -8.96438980e+00]
 [-3.28117967e-01  9.28476512e-01  1.73981965e-01 -2.43616486e+00]
 [ 8.20294321e-01  3.71390760e-01 -4.34954703e-01  2.38797307e+00]
 [-0.00000000e+00  0.00000000e+00  0.00000000e+00  1.00000000e+00]]
3dpro: Vector(0.218853, 0.160632, 1.10523)
3dpro: Vector(0.909581, 0.266717, 1.04842)
___________________________:41
agent_0_cam: [[-3.93296242e-01  2.23517311e-08 -9.19411540e-01 -8.69423008e+00]
 [-3.41461152e-01  9.28476632e-01  1.46066651e-01 -2.70958447e+00]
 [ 8.53652179e-01  3.71390760e-01 -3.65166366e-01  3.07152128e+00]
 [-0.00000000e+00 -0.00000000e+00 -0.00000000e+00  1.00000000e+00]]
3dpro: Vector(0.30801, 0.164193, 1.09329)
3dpro: Vector(0.909581, 0.266717, 1.04842)
___________________________:42
agent_0_cam: [[-3.15402508e-01 -2.23517418e-08 -9.48957801e-01 -8.36373043e+00]
 [-3.52434278e-01  9.28476691e-01  1.17137596e-01 -2.97370219e+00]
 [ 8.81085396e-01  3.71390820e-01 -2.92843938e-01  3.73181748e+00]
 [-0.00000000e+00  0.00000000e+00  0.00000000e+00  1.00000000e+00]]
3dpro: Vector(0.401876, 0.169116, 1.08074)
3dpro: Vector(0.909581, 0.266717, 1.04842)
___________________________:43
agent_0_cam: [[-2.35319734e-01  2.23517294e-08 -9.71917689e-01 -7.97517920e+00]
 [-3.60961348e-01  9.28476632e-01  8.73956233e-02 -3.22668600e+00]
 [ 9.02402818e-01  3.71390641e-01 -2.18488872e-01  4.36427593e+00]
 [-0.00000000e+00 -0.00000000e+00 -0.00000000e+00  9.99999881e-01]]
3dpro: Vector(0.502263, 0.175599, 1.06735)
3dpro: Vector(0.909581, 0.266717, 1.04842)
___________________________:44
agent_0_cam: [[ 3.38932246e-01 -4.47034729e-08 -9.40810561e-01 -5.06033897e+00]
 [-3.49408448e-01  9.28476691e-01 -1.25876337e-01 -4.50243044e+00]
 [ 8.73520851e-01  3.71390760e-01  3.14690650e-01  7.55363607e+00]
 [-0.00000000e+00  0.00000000e+00 -0.00000000e+00  1.00000000e+00]]
3dpro: Vector(1.73842, 0.314703, 0.942404)
3dpro: Vector(-1.51323, -0.357875, 1.33433)
___________________________:45
agent_0_cam: [[ 2.59446025e-01  7.45057882e-09 -9.65757370e-01 -5.74492550e+00]
 [-3.58673513e-01  9.28476691e-01 -9.63559002e-02 -4.33512735e+00]
 [ 8.96683216e-01  3.71390760e-01  2.40889639e-01  7.13537645e+00]
 [-0.00000000e+00 -0.00000000e+00 -0.00000000e+00  1.00000000e+00]]
3dpro: Vector(1.44506, 0.275757, 0.978127)
3dpro: Vector(-1.82779, -0.41108, 1.36875)
___________________________:46
agent_0_cam: [[ 1.78159088e-01 -7.45058060e-09 -9.84001756e-01 -6.38964272e+00]
 [-3.65449101e-01  9.28476632e-01 -6.61666319e-02 -4.14723969e+00]
 [ 9.13622618e-01  3.71390730e-01  1.65416554e-01  6.66566086e+00]
 [-0.00000000e+00  0.00000000e+00 -0.00000000e+00  1.00000000e+00]]
3dpro: Vector(1.2149, 0.246915, 1.00619)
3dpro: Vector(-2.25569, -0.486837, 1.41552)
___________________________:47
agent_0_cam: [[ 9.56356600e-02  6.70552041e-08 -9.95416284e-01 -6.99000931e+00]
 [-3.69688421e-01  9.28476691e-01 -3.55181843e-02 -3.94007492e+00]
 [ 9.24220741e-01  3.71390671e-01  8.87955055e-02  6.14774895e+00]
 [-0.00000000e+00 -0.00000000e+00 -0.00000000e+00  1.00000000e+00]]
3dpro: Vector(1.02714, 0.224948, 1.02911)
3dpro: Vector(-2.88228, -0.601947, 1.48392)
___________________________:48
agent_0_cam: [[ 1.24481050e-02 -4.28408242e-08 -9.99922216e-01 -7.54186440e+00]
 [-3.71362060e-01  9.28476751e-01 -4.62314533e-03 -3.71506977e+00]
 [ 9.28404510e-01  3.71390790e-01  1.15577774e-02  5.58523321e+00]
 [-0.00000000e+00  0.00000000e+00 -0.00000000e+00  1.00000000e+00]]
3dpro: Vector(0.869054, 0.207895, 1.04844)
3dpro: Vector(-3.90621, -0.795576, 1.59561)
___________________________:49
agent_0_cam: [[-7.08254799e-02 -1.86264426e-08 -9.97488379e-01 -8.04137516e+00]
 [-3.70458126e-01  9.28476632e-01  2.63039265e-02 -3.47378516e+00]
 [ 9.26144838e-01  3.71390760e-01 -6.57598227e-02  4.98202276e+00]
 [-0.00000000e+00  0.00000000e+00  0.00000000e+00  1.00000000e+00]]
3dpro: Vector(0.732365, 0.1945, 1.06518)
3dpro: Vector(-5.92188, -1.18497, 1.81531)
___________________________:50
agent_0_cam: [[-1.53607532e-01 -3.72529065e-08 -9.88131940e-01 -8.48507786e+00]
 [-3.66983116e-01  9.28476810e-01  5.70484102e-02 -3.21789694e+00]
 [ 9.17457402e-01  3.71390730e-01 -1.42620996e-01  4.34230280e+00]
 [-0.00000000e+00  0.00000000e+00  0.00000000e+00  1.00000000e+00]]
3dpro: Vector(0.611435, 0.183926, 1.08002)
3dpro: Vector(-11.8833, -2.35295, 2.4648)
___________________________:51
agent_0_cam: [[-0.23532346 -0.         -0.97191679 -8.86988544]
 [-0.36096105  0.92847669  0.08739702 -2.94917917]
 [ 0.90240192  0.37139067 -0.21849233  3.67050886]
 [-0.          0.         -0.          1.        ]]
3dpro: Vector(0.502258, 0.175599, 1.09343)
3dpro: Vector(-1611.84, -318.026, 176.737)
___________________________:52
agent_0_cam: [[-3.15405905e-01  7.45057704e-08 -9.48956430e-01 -9.19313335e+00]
 [-3.52433830e-01  9.28476632e-01  1.17138930e-01 -2.66950011e+00]
 [ 8.81084085e-01  3.71390641e-01 -2.92847008e-01  2.97131205e+00]
 [-0.00000000e+00 -0.00000000e+00 -0.00000000e+00  9.99999881e-01]]
3dpro: Vector(0.401872, 0.169116, 1.10579)
3dpro: Vector(12.0624, 2.38815, -0.143152)
___________________________:53
agent_0_cam: [[-3.93299729e-01  3.72528959e-08 -9.19410110e-01 -9.45258236e+00]
 [-3.41460526e-01  9.28476691e-01  1.46067932e-01 -2.38079786e+00]
 [ 8.53650928e-01  3.71390760e-01 -3.65169615e-01  2.24955630e+00]
 [-0.00000000e+00 -0.00000000e+00 -0.00000000e+00  1.00000000e+00]]
3dpro: Vector(0.308006, 0.164193, 1.11738)
3dpro: Vector(5.96696, 1.19374, 0.520932)
___________________________:54
agent_0_cam: [[-4.68463928e-01 -2.98023188e-08 -8.83482516e-01 -9.64642429e+00]
 [-3.28117311e-01  9.28476691e-01  1.73983172e-01 -2.08507609e+00]
 [ 8.20292890e-01  3.71390790e-01 -4.34957832e-01  1.51025271e+00]
 [-0.00000000e+00  0.00000000e+00  0.00000000e+00  1.00000000e+00]]
3dpro: Vector(0.218849, 0.160632, 1.1284)
3dpro: Vector(3.92647, 0.79945, 0.74334)
___________________________:55
agent_0_cam: [[-5.40376604e-01  1.49011541e-08 -8.41422975e-01 -9.77331257e+00]
 [-3.12496811e-01  9.28476691e-01  2.00690940e-01 -1.78438866e+00]
 [ 7.81241596e-01  3.71390730e-01 -5.01727045e-01  7.58534789e-01]
 [-0.00000000e+00 -0.00000000e+00 -0.00000000e+00  1.00000000e+00]]
3dpro: Vector(0.132893, 0.158298, 1.13905)
3dpro: Vector(2.89386, 0.604107, 0.855968)
___________________________:56
agent_0_cam: [[-6.08538866e-01 -1.49011576e-08 -7.93523729e-01 -9.83237171e+00]
 [-2.94707537e-01  9.28476691e-01  2.26005793e-01 -1.48082280e+00]
 [ 7.36768484e-01  3.71390790e-01 -5.65014243e-01 -3.80039128e-04]
 [-0.00000000e+00  0.00000000e+00 -0.00000000e+00  1.00000000e+00]]
3dpro: Vector(0.0488244, 0.157105, 1.14948)
3dpro: Vector(2.26327, 0.488204, 0.924809)
___________________________:57
agent_0_cam: [[-0.67247778 -0.         -0.74011737 -9.82319164]
 [-0.27487272  0.92847669  0.24975201 -1.17648399]
 [ 0.68718165  0.37139073 -0.62437993 -0.7612263 ]
 [-0.          0.         -0.          1.        ]]
3dpro: Vector(-0.0345616, 0.157012, 1.15986)
3dpro: Vector(1.83319, 0.412016, 0.971811)
___________________________:58
agent_0_cam: [[-7.31749177e-01  1.49011665e-08 -6.81574047e-01 -9.74583244e+00]
 [-2.53130317e-01  9.28476870e-01  2.71764964e-01 -8.73485208e-01]
 [ 6.32825613e-01  3.71390820e-01 -6.79412067e-01 -1.51872206e+00]
 [-0.00000000e+00 -0.00000000e+00 -0.00000000e+00  9.99999940e-01]]
3dpro: Vector(-0.11843, 0.158015, 1.17031)
3dpro: Vector(1.51733, 0.358549, 1.00638)
___________________________:59
agent_0_cam: [[-7.85941839e-01 -2.98023153e-08 -6.18300080e-01 -9.60083103e+00]
 [-2.29631007e-01  9.28476691e-01  2.91891605e-01 -5.73930025e-01]
 [ 5.74077308e-01  3.71390730e-01 -7.29728758e-01 -2.26761174e+00]
 [-0.00000000e+00  0.00000000e+00  0.00000000e+00  1.00000000e+00]]
3dpro: Vector(-0.203975, 0.160149, 1.181)
3dpro: Vector(1.27252, 0.319327, 1.03321)
___________________________:60
agent_0_cam: [[-8.34679544e-01 -4.47034481e-08 -5.50734818e-01 -9.38919449e+00]
 [-2.04537973e-01  9.28476632e-01  3.09992492e-01 -2.79896140e-01]
 [ 5.11344552e-01  3.71390671e-01 -7.74980664e-01 -3.00269508e+00]
 [-0.00000000e+00  0.00000000e+00  0.00000000e+00  9.99999881e-01]]
3dpro: Vector(-0.292485, 0.163493, 1.19208)
3dpro: Vector(1.07476, 0.289652, 1.05492)
___________________________:61
agent_0_cam: [[-8.77624869e-01 -0.00000000e+00 -4.79347765e-01 -9.11240005e+00]
 [-1.78025380e-01  9.28476751e-01  3.25941861e-01  6.57498511e-03]
 [ 4.45063144e-01  3.71390671e-01 -8.14854026e-01 -3.71887183e+00]
 [-0.00000000e+00  0.00000000e+00 -0.00000000e+00  1.00000000e+00]]
3dpro: Vector(-0.385428, 0.16817, 1.20373)
3dpro: Vector(0.909581, 0.266717, 1.07308)
___________________________:62
agent_0_cam: [[-8.77624869e-01  2.98023259e-08 -4.79348063e-01 -9.11240292e+00]
 [-1.78025424e-01  9.28476810e-01  3.25941831e-01 -2.43750848e-02]
 [ 4.45063442e-01  3.71390760e-01 -8.14854264e-01 -3.64149785e+00]
 [-0.00000000e+00 -0.00000000e+00 -0.00000000e+00  1.00000000e+00]]
3dpro: Vector(-0.385427, 0.16817, 1.20258)
3dpro: Vector(0.767726, 0.248747, 1.08872)
___________________________:63
agent_0_cam: [[-8.77624393e-01  2.98023117e-08 -4.79348540e-01 -9.11240292e+00]
 [-1.78025633e-01  9.28476453e-01  3.25941592e-01 -5.53269200e-02]
 [ 4.45064038e-01  3.71390700e-01 -8.14853847e-01 -3.56411862e+00]
 [-0.00000000e+00 -0.00000000e+00  0.00000000e+00  1.00000000e+00]]
3dpro: Vector(-0.385426, 0.16817, 1.20143)
3dpro: Vector(0.767726, 0.248747, 1.08716)
___________________________:64
agent_0_cam: [[-8.77624929e-01  1.49011754e-08 -4.79348868e-01 -9.11240864e+00]
 [-1.78025648e-01  9.28476810e-01  3.25941592e-01 -8.62766132e-02]
 [ 4.45064247e-01  3.71390760e-01 -8.14854264e-01 -3.48674679e+00]
 [-0.00000000e+00 -0.00000000e+00  0.00000000e+00  1.00000000e+00]]
3dpro: Vector(-0.385427, 0.16817, 1.20027)
3dpro: Vector(0.642969, 0.234572, 1.10114)
___________________________:65
agent_0_cam: [[-8.77624035e-01  5.96046164e-08 -4.79349017e-01 -9.11240387e+00]
 [-1.78025901e-01  9.28476632e-01  3.25941682e-01 -1.17226303e-01]
 [ 4.45064396e-01  3.71390790e-01 -8.14853430e-01 -3.40936732e+00]
 [-0.00000000e+00 -0.00000000e+00 -0.00000000e+00  1.00000000e+00]]
3dpro: Vector(-0.385426, 0.16817, 1.19912)
3dpro: Vector(0.642968, 0.234571, 1.09967)
___________________________:66
agent_0_cam: [[-8.77623737e-01  1.49011559e-08 -4.79349583e-01 -9.11240578e+00]
 [-1.78026095e-01  9.28476632e-01  3.25941473e-01 -1.48178518e-01]
 [ 4.45065022e-01  3.71390790e-01 -8.14853251e-01 -3.33198857e+00]
 [-0.00000000e+00 -0.00000000e+00 -0.00000000e+00  1.00000000e+00]]
3dpro: Vector(-0.385425, 0.16817, 1.19796)
3dpro: Vector(0.642968, 0.234571, 1.0982)
___________________________:67
agent_0_cam: [[-8.77623439e-01  5.96046377e-08 -4.79350358e-01 -9.11241055e+00]
 [-1.78026348e-01  9.28476691e-01  3.25941384e-01 -1.79130182e-01]
 [ 4.45065618e-01  3.71390790e-01 -8.14852893e-01 -3.25460935e+00]
 [-0.00000000e+00 -0.00000000e+00 -0.00000000e+00  9.99999881e-01]]
3dpro: Vector(-0.385424, 0.16817, 1.19681)
3dpro: Vector(0.642968, 0.234571, 1.09673)
___________________________:68
agent_0_cam: [[-0.8776235  -0.         -0.47935104 -9.11241436]
 [-0.17802648  0.92847687  0.32594115 -0.21008237]
 [ 0.44506618  0.3713907  -0.81485283 -3.17723131]
 [-0.          0.          0.          1.        ]]
3dpro: Vector(-0.385424, 0.16817, 1.19565)
3dpro: Vector(0.642968, 0.234571, 1.09526)
___________________________:69
agent_0_cam: [[-9.14477348e-01  2.98023259e-08 -4.04637277e-01 -8.82093048e+00]
 [-1.50278494e-01  9.28476691e-01  3.39628398e-01  6.75891712e-02]
 [ 3.75696272e-01  3.71390730e-01 -8.49070907e-01 -3.87140918e+00]
 [-0.00000000e+00 -0.00000000e+00 -0.00000000e+00  1.00000000e+00]]
3dpro: Vector(-0.484549, 0.174369, 1.20866)
3dpro: Vector(0.642968, 0.234571, 1.09379)
___________________________:70
agent_0_cam: [[-9.14477110e-01  1.49011576e-08 -4.04637218e-01 -8.82092857e+00]
 [-1.50278553e-01  9.28476751e-01  3.39628458e-01  3.66400406e-02]
 [ 3.75696152e-01  3.71390671e-01 -8.49070668e-01 -3.79403496e+00]
 [-0.00000000e+00 -0.00000000e+00 -0.00000000e+00  1.00000000e+00]]
3dpro: Vector(-0.484549, 0.174369, 1.20747)
3dpro: Vector(0.642968, 0.234571, 1.09232)
___________________________:71
agent_0_cam: [[-9.14477348e-01 -0.00000000e+00 -4.04637277e-01 -8.82092953e+00]
 [-1.50278553e-01  9.28476751e-01  3.39628488e-01  5.69117256e-03]
 [ 3.75696301e-01  3.71390820e-01 -8.49070966e-01 -3.71666408e+00]
 [-0.00000000e+00  0.00000000e+00 -0.00000000e+00  1.00000012e+00]]
3dpro: Vector(-0.484549, 0.174369, 1.20627)
3dpro: Vector(0.642968, 0.234571, 1.09085)
___________________________:72
agent_0_cam: [[-0.91447735 -0.         -0.40463728 -8.82092953]
 [-0.15027855  0.92847675  0.33962849 -0.02525783]
 [ 0.3756963   0.37139082 -0.84907097 -3.63929152]
 [-0.          0.         -0.          1.00000012]]
3dpro: Vector(-0.484549, 0.174369, 1.20507)
3dpro: Vector(0.642968, 0.234571, 1.08938)
___________________________:73
agent_0_cam: [[-0.91447735 -0.         -0.40463728 -8.82092953]
 [-0.15027855  0.92847675  0.33962849 -0.05620708]
 [ 0.3756963   0.37139082 -0.84907097 -3.56191826]
 [-0.          0.         -0.          1.00000012]]
3dpro: Vector(-0.484549, 0.174369, 1.20387)
3dpro: Vector(0.642968, 0.234571, 1.08792)
___________________________:74
agent_0_cam: [[-0.91447735 -0.         -0.40463728 -8.82092953]
 [-0.15027855  0.92847675  0.33962849 -0.0871562 ]
 [ 0.3756963   0.37139082 -0.84907097 -3.48454595]
 [-0.          0.         -0.          1.00000012]]
3dpro: Vector(-0.484549, 0.174369, 1.20268)
3dpro: Vector(0.642968, 0.234571, 1.08645)
___________________________:75
agent_0_cam: [[-0.91447735 -0.         -0.40463728 -8.82092953]
 [-0.15027855  0.92847675  0.33962849 -0.11810533]
 [ 0.3756963   0.37139082 -0.84907097 -3.40717292]
 [-0.          0.         -0.          1.00000012]]
3dpro: Vector(-0.484549, 0.174369, 1.20148)
3dpro: Vector(0.642968, 0.234571, 1.08498)
___________________________:76
agent_0_cam: [[-0.91447735 -0.         -0.40463728 -8.82093143]
 [-0.15027855  0.92847675  0.33962849 -0.14905469]
 [ 0.3756963   0.37139082 -0.84907097 -3.32979941]
 [-0.          0.         -0.          1.00000012]]
3dpro: Vector(-0.484549, 0.174369, 1.20028)
3dpro: Vector(0.530928, 0.223391, 1.09954)
___________________________:77
agent_0_cam: [[-8.77623081e-01  1.49011612e-08 -4.79351401e-01 -9.06385994e+00]
 [-1.78026676e-01  9.28476632e-01  3.25941086e-01 -4.25975561e-01]
 [ 4.45066601e-01  3.71390700e-01 -8.14852536e-01 -2.63749743e+00]
 [-0.00000000e+00 -0.00000000e+00 -0.00000000e+00  1.00000000e+00]]
3dpro: Vector(-0.385423, 0.16817, 1.1868)
3dpro: Vector(0.530928, 0.223391, 1.09815)
___________________________:78
agent_0_cam: [[-8.34677756e-01 -2.98023153e-08 -5.50738335e-01 -9.24387932e+00]
 [-2.04539150e-01  9.28476691e-01  3.09991688e-01 -7.09444463e-01]
 [ 5.11347711e-01  3.71390700e-01 -7.74978936e-01 -1.92882586e+00]
 [-0.00000000e+00  0.00000000e+00  0.00000000e+00  1.00000000e+00]]
3dpro: Vector(-0.292481, 0.163492, 1.17419)
3dpro: Vector(0.642968, 0.234572, 1.0834)
___________________________:79
agent_0_cam: [[-7.85939515e-01  1.49011630e-08 -6.18303299e-01 -9.35974598e+00]
 [-2.29632214e-01  9.28476751e-01  2.91890740e-01 -9.97495353e-01]
 [ 5.74080288e-01  3.71390820e-01 -7.29726493e-01 -1.20869815e+00]
 [-0.00000000e+00 -0.00000000e+00 -0.00000000e+00  1.00000000e+00]]
3dpro: Vector(-0.203971, 0.160149, 1.16219)
3dpro: Vector(0.767726, 0.248748, 1.06702)
___________________________:80
agent_0_cam: [[-7.31746554e-01  4.47035013e-08 -6.81577086e-01 -9.41065502e+00]
 [-2.53131419e-01  9.28476751e-01  2.71763980e-01 -1.28812850e+00]
 [ 6.32828355e-01  3.71390849e-01 -6.79409683e-01 -4.82115000e-01]
 [-0.00000000e+00 -0.00000000e+00 -0.00000000e+00  1.00000012e+00]]
3dpro: Vector(-0.118426, 0.158015, 1.15062)
3dpro: Vector(0.909581, 0.266717, 1.04842)
___________________________:81
agent_0_cam: [[-6.72474742e-01 -2.98023188e-08 -7.40119934e-01 -9.39624214e+00]
 [-2.74873763e-01  9.28476810e-01  2.49750987e-01 -1.57932603e+00]
 [ 6.87184095e-01  3.71390790e-01 -6.24377191e-01  2.45877713e-01]
 [-0.00000000e+00  0.00000000e+00 -0.00000000e+00  1.00000012e+00]]
3dpro: Vector(-0.0345576, 0.157012, 1.1393)
3dpro: Vector(0.909581, 0.266717, 1.04842)
___________________________:82
agent_0_cam: [[-6.08536124e-01 -1.49011612e-08 -7.93526173e-01 -9.31662273e+00]
 [-2.94708252e-01  9.28476691e-01  2.26004675e-01 -1.86906743e+00]
 [ 7.36770570e-01  3.71390730e-01 -5.65011621e-01  9.70232248e-01]
 [-0.00000000e+00  0.00000000e+00 -0.00000000e+00  1.00000000e+00]]
3dpro: Vector(0.0488279, 0.157105, 1.12807)
3dpro: Vector(0.909581, 0.266717, 1.04842)
___________________________:83
agent_0_cam: [[-0.54037333 -0.         -0.84142518 -9.17233562]
 [-0.31249762  0.92847681  0.2006897  -2.15534353]
 [ 0.78124374  0.37139076 -0.50172412  1.68592131]
 [-0.          0.         -0.          1.        ]]
3dpro: Vector(0.132897, 0.158298, 1.11677)
3dpro: Vector(0.909581, 0.266717, 1.04842)
___________________________:84
agent_0_cam: [[-4.68460441e-01 -2.98023011e-08 -8.83483946e-01 -8.96438980e+00]
 [-3.28117967e-01  9.28476512e-01  1.73981965e-01 -2.43616486e+00]
 [ 8.20294321e-01  3.71390760e-01 -4.34954703e-01  2.38797307e+00]
 [-0.00000000e+00  0.00000000e+00  0.00000000e+00  1.00000000e+00]]
3dpro: Vector(0.218853, 0.160632, 1.10523)
3dpro: Vector(0.909581, 0.266717, 1.04842)
___________________________:85
agent_0_cam: [[-3.93296242e-01  2.23517311e-08 -9.19411540e-01 -8.69423008e+00]
 [-3.41461152e-01  9.28476632e-01  1.46066651e-01 -2.70958447e+00]
 [ 8.53652179e-01  3.71390760e-01 -3.65166366e-01  3.07152128e+00]
 [-0.00000000e+00 -0.00000000e+00 -0.00000000e+00  1.00000000e+00]]
3dpro: Vector(0.30801, 0.164193, 1.09329)
3dpro: Vector(0.909581, 0.266717, 1.04842)
___________________________:86
agent_0_cam: [[-3.15402508e-01 -2.23517418e-08 -9.48957801e-01 -8.36373043e+00]
 [-3.52434278e-01  9.28476691e-01  1.17137596e-01 -2.97370219e+00]
 [ 8.81085396e-01  3.71390820e-01 -2.92843938e-01  3.73181748e+00]
 [-0.00000000e+00  0.00000000e+00  0.00000000e+00  1.00000000e+00]]
3dpro: Vector(0.401876, 0.169116, 1.08074)
3dpro: Vector(0.909581, 0.266717, 1.04842)
___________________________:87
agent_0_cam: [[-2.35319734e-01  2.23517294e-08 -9.71917689e-01 -7.97517920e+00]
 [-3.60961348e-01  9.28476632e-01  8.73956233e-02 -3.22668600e+00]
 [ 9.02402818e-01  3.71390641e-01 -2.18488872e-01  4.36427593e+00]
 [-0.00000000e+00 -0.00000000e+00 -0.00000000e+00  9.99999881e-01]]
3dpro: Vector(0.502263, 0.175599, 1.06735)
3dpro: Vector(0.909581, 0.266717, 1.04842)
___________________________:88
agent_0_cam: [[-2.35319734e-01  2.23517294e-08 -9.71917689e-01 -7.97517920e+00]
 [-3.60961348e-01  9.28476632e-01  8.73956233e-02 -3.22668600e+00]
 [ 9.02402818e-01  3.71390641e-01 -2.18488872e-01  4.36427593e+00]
 [-0.00000000e+00 -0.00000000e+00 -0.00000000e+00  9.99999881e-01]]
3dpro: Vector(0.502263, 0.175599, 1.06735)
3dpro: Vector(0.909581, 0.266717, 1.04842)
___________________________:89
agent_0_cam: [[-2.35319734e-01  2.23517294e-08 -9.71917689e-01 -7.97517920e+00]
 [-3.60961348e-01  9.28476632e-01  8.73956233e-02 -3.22668600e+00]
 [ 9.02402818e-01  3.71390641e-01 -2.18488872e-01  4.36427593e+00]
 [-0.00000000e+00 -0.00000000e+00 -0.00000000e+00  9.99999881e-01]]
3dpro: Vector(0.502263, 0.175599, 1.06735)
3dpro: Vector(0.909581, 0.266717, 1.04842)
___________________________:90
agent_0_cam: [[-2.35319734e-01  2.23517294e-08 -9.71917689e-01 -7.97517920e+00]
 [-3.60961348e-01  9.28476632e-01  8.73956233e-02 -3.22668600e+00]
 [ 9.02402818e-01  3.71390641e-01 -2.18488872e-01  4.36427593e+00]
 [-0.00000000e+00 -0.00000000e+00 -0.00000000e+00  9.99999881e-01]]
3dpro: Vector(0.502263, 0.175599, 1.06735)
3dpro: Vector(0.909581, 0.266717, 1.04842)
___________________________:91
agent_0_cam: [[-2.35319734e-01  2.23517294e-08 -9.71917689e-01 -7.97517920e+00]
 [-3.60961348e-01  9.28476632e-01  8.73956233e-02 -3.22668600e+00]
 [ 9.02402818e-01  3.71390641e-01 -2.18488872e-01  4.36427593e+00]
 [-0.00000000e+00 -0.00000000e+00 -0.00000000e+00  9.99999881e-01]]
3dpro: Vector(0.502263, 0.175599, 1.06735)
3dpro: Vector(0.909581, 0.266717, 1.04842)
___________________________:92
agent_0_cam: [[-2.35319734e-01  2.23517294e-08 -9.71917689e-01 -7.97517920e+00]
 [-3.60961348e-01  9.28476632e-01  8.73956233e-02 -3.22668600e+00]
 [ 9.02402818e-01  3.71390641e-01 -2.18488872e-01  4.36427593e+00]
 [-0.00000000e+00 -0.00000000e+00 -0.00000000e+00  9.99999881e-01]]
3dpro: Vector(0.502263, 0.175599, 1.06735)
3dpro: Vector(0.909581, 0.266717, 1.04842)
___________________________:93
agent_0_cam: [[-2.35319734e-01  2.23517294e-08 -9.71917689e-01 -7.97517920e+00]
 [-3.60961348e-01  9.28476632e-01  8.73956233e-02 -3.22668600e+00]
 [ 9.02402818e-01  3.71390641e-01 -2.18488872e-01  4.36427593e+00]
 [-0.00000000e+00 -0.00000000e+00 -0.00000000e+00  9.99999881e-01]]
3dpro: Vector(0.502263, 0.175599, 1.06735)
3dpro: Vector(0.909581, 0.266717, 1.04842)
___________________________:94
agent_0_cam: [[-2.35319734e-01  2.23517294e-08 -9.71917689e-01 -7.97517920e+00]
 [-3.60961348e-01  9.28476632e-01  8.73956233e-02 -3.22668600e+00]
 [ 9.02402818e-01  3.71390641e-01 -2.18488872e-01  4.36427593e+00]
 [-0.00000000e+00 -0.00000000e+00 -0.00000000e+00  9.99999881e-01]]
3dpro: Vector(0.502263, 0.175599, 1.06735)
3dpro: Vector(0.909581, 0.266717, 1.04842)
___________________________:95
agent_0_cam: [[-2.35319734e-01  2.23517294e-08 -9.71917689e-01 -7.97517920e+00]
 [-3.60961348e-01  9.28476632e-01  8.73956233e-02 -3.22668600e+00]
 [ 9.02402818e-01  3.71390641e-01 -2.18488872e-01  4.36427593e+00]
 [-0.00000000e+00 -0.00000000e+00 -0.00000000e+00  9.99999881e-01]]
3dpro: Vector(0.502263, 0.175599, 1.06735)
3dpro: Vector(0.909581, 0.266717, 1.04842)
___________________________:96
agent_0_cam: [[-2.35319734e-01  2.23517294e-08 -9.71917689e-01 -7.97517920e+00]
 [-3.60961348e-01  9.28476632e-01  8.73956233e-02 -3.22668600e+00]
 [ 9.02402818e-01  3.71390641e-01 -2.18488872e-01  4.36427593e+00]
 [-0.00000000e+00 -0.00000000e+00 -0.00000000e+00  9.99999881e-01]]
3dpro: Vector(0.502263, 0.175599, 1.06735)
3dpro: Vector(0.909581, 0.266717, 1.04842)
___________________________:97
agent_0_cam: [[-2.35319734e-01  2.23517294e-08 -9.71917689e-01 -7.97517920e+00]
 [-3.60961348e-01  9.28476632e-01  8.73956233e-02 -3.22668600e+00]
 [ 9.02402818e-01  3.71390641e-01 -2.18488872e-01  4.36427593e+00]
 [-0.00000000e+00 -0.00000000e+00 -0.00000000e+00  9.99999881e-01]]
3dpro: Vector(0.502263, 0.175599, 1.06735)
3dpro: Vector(0.909581, 0.266717, 1.04842)
___________________________:98
agent_0_cam: [[-2.35319734e-01  2.23517294e-08 -9.71917689e-01 -7.97517920e+00]
 [-3.60961348e-01  9.28476632e-01  8.73956233e-02 -3.22668600e+00]
 [ 9.02402818e-01  3.71390641e-01 -2.18488872e-01  4.36427593e+00]
 [-0.00000000e+00 -0.00000000e+00 -0.00000000e+00  9.99999881e-01]]
3dpro: Vector(0.502263, 0.175599, 1.06735)
3dpro: Vector(0.909581, 0.266717, 1.04842)
___________________________:99
agent_0_cam: [[-2.35319734e-01  2.23517294e-08 -9.71917689e-01 -7.97517920e+00]
 [-3.60961348e-01  9.28476632e-01  8.73956233e-02 -3.22668600e+00]
 [ 9.02402818e-01  3.71390641e-01 -2.18488872e-01  4.36427593e+00]
 [-0.00000000e+00 -0.00000000e+00 -0.00000000e+00  9.99999881e-01]]
3dpro: Vector(0.502263, 0.175599, 1.06735)
3dpro: Vector(0.909581, 0.266717, 1.04842)
___________________________:100
agent_0_cam: [[-2.35319734e-01  2.23517294e-08 -9.71917689e-01 -7.97517920e+00]
 [-3.60961348e-01  9.28476632e-01  8.73956233e-02 -3.22668600e+00]
 [ 9.02402818e-01  3.71390641e-01 -2.18488872e-01  4.36427593e+00]
 [-0.00000000e+00 -0.00000000e+00 -0.00000000e+00  9.99999881e-01]]
3dpro: Vector(0.502263, 0.175599, 1.06735)
3dpro: Vector(0.909581, 0.266717, 1.04842)
___________________________:101
agent_0_cam: [[-2.35319734e-01  2.23517294e-08 -9.71917689e-01 -7.97517920e+00]
 [-3.60961348e-01  9.28476632e-01  8.73956233e-02 -3.22668600e+00]
 [ 9.02402818e-01  3.71390641e-01 -2.18488872e-01  4.36427593e+00]
 [-0.00000000e+00 -0.00000000e+00 -0.00000000e+00  9.99999881e-01]]
3dpro: Vector(0.502263, 0.175599, 1.06735)
3dpro: Vector(0.909581, 0.266717, 1.04842)
___________________________:102
agent_0_cam: [[-2.35319734e-01  2.23517294e-08 -9.71917689e-01 -7.97517920e+00]
 [-3.60961348e-01  9.28476632e-01  8.73956233e-02 -3.22668600e+00]
 [ 9.02402818e-01  3.71390641e-01 -2.18488872e-01  4.36427593e+00]
 [-0.00000000e+00 -0.00000000e+00 -0.00000000e+00  9.99999881e-01]]
3dpro: Vector(0.502263, 0.175599, 1.06735)
3dpro: Vector(0.909581, 0.266717, 1.04842)
___________________________:103
