{"config": null, "episodes": [{"episode_id": "9", "scene_id": "data/replica_cad/configs/scenes/v3_sc2_staging_10.scene_instance.json", "scene_dataset_config": "data/replica_cad/replicaCAD.scene_dataset_config.json", "additional_obj_config_paths": ["data/objects/ycb/configs/"], "start_position": [0, 0, 0], "start_rotation": [0, 0, 0, 1], "info": {"object_labels": {"070-b_colored_wood_blocks_:0000": "any_targets|0", "003_cracker_box_:0000": "any_targets|1"}}, "ao_states": {}, "rigid_objs": [["070-b_colored_wood_blocks.object_config.json", [[-0.01821, 0.00391, -0.99983, -2.20703], [-0.00018, 0.99999, 0.00392, 1.68837], [0.99983, 0.00025, -0.01821, -1.2868], [0.0, 0.0, 0.0, 1.0]]], ["003_cracker_box.object_config.json", [[-0.72817, -0.1181, -0.67514, 4.26105], [-0.17638, 0.98416, 0.01808, 1.78995], [0.66231, 0.13225, -0.73747, 4.35105], [0.0, 0.0, 0.0, 1.0]]]], "targets": {"070-b_colored_wood_blocks_:0000": [[-0.24807, 0.0, 0.96874, 4.09455], [0.0, 1.0, 0.0, 1.69496], [-0.96874, 0.0, -0.24807, 4.93139], [0.0, 0.0, 0.0, 1.0]], "003_cracker_box_:0000": [[-0.66545, 0.0, -0.74644, 0.35508], [0.0, 1.0, 0.0, 0.27427], [0.74644, 0.0, -0.66545, -0.23956], [0.0, 0.0, 0.0, 1.0]]}, "markers": [], "target_receptacles": [["frl_apartment_wall_cabinet_01_:0000", null], ["frl_apartment_wall_cabinet_02_:0000", null]], "goal_receptacles": [["frl_apartment_wall_cabinet_02_:0000", null], ["frl_apartment_tvstand_:0000", null]], "name_to_receptacle": {"070-b_colored_wood_blocks_:0000": "frl_apartment_wall_cabinet_01_:0000|receptacle_aabb_WC1_Top2frl_apartment_wall_cabinet_01", "003_cracker_box_:0000": "frl_apartment_wall_cabinet_02_:0000|receptacle_aabb_WC2_Top1_frl_apartment_wall_cabinet_02"}}, {"episode_id": "13", "scene_id": "data/replica_cad/configs/scenes/v3_sc2_staging_17.scene_instance.json", "scene_dataset_config": "data/replica_cad/replicaCAD.scene_dataset_config.json", "additional_obj_config_paths": ["data/objects/ycb/configs/"], "start_position": [0, 0, 0], "start_rotation": [0, 0, 0, 1], "info": {"object_labels": {"024_bowl_:0000": "any_targets|0", "072-d_toy_airplane_:0000": "any_targets|1"}}, "ao_states": {}, "rigid_objs": [["024_bowl.object_config.json", [[-0.99844, -0.0, -0.05592, 4.16241], [-0.0, 1.0, 1e-05, 1.71016], [0.05592, 1e-05, -0.99844, 6.97156], [0.0, 0.0, 0.0, 1.0]]], ["072-d_toy_airplane.object_config.json", [[-0.44561, -0.00236, -0.89523, 4.03725], [0.00292, 0.99999, -0.00409, 1.71558], [0.89522, -0.00443, -0.44559, 6.88543], [0.0, 0.0, 0.0, 1.0]]]], "targets": {"024_bowl_:0000": [[-0.55097, 0.0, -0.83453, 4.12197], [0.0, 1.0, 0.0, 0.84011], [0.83453, 0.0, -0.55097, 7.27864], [0.0, 0.0, 0.0, 1.0]], "072-d_toy_airplane_:0000": [[0.17048, 0.0, -0.98536, -1.89134], [0.0, 1.0, 0.0, 0.85049], [0.98536, 0.0, 0.17048, -1.21033], [0.0, 0.0, 0.0, 1.0]]}, "markers": [], "target_receptacles": [["frl_apartment_wall_cabinet_02_:0000", null], ["frl_apartment_wall_cabinet_02_:0000", null]], "goal_receptacles": [["frl_apartment_wall_cabinet_02_:0000", null], ["frl_apartment_wall_cabinet_01_:0000", null]], "name_to_receptacle": {"024_bowl_:0000": "frl_apartment_wall_cabinet_02_:0000|receptacle_aabb_WC2_Top1_frl_apartment_wall_cabinet_02", "072-d_toy_airplane_:0000": "frl_apartment_wall_cabinet_02_:0000|receptacle_aabb_WC2_Top1_frl_apartment_wall_cabinet_02"}}, {"episode_id": "18", "scene_id": "data/replica_cad/configs/scenes/v3_sc0_staging_12.scene_instance.json", "scene_dataset_config": "data/replica_cad/replicaCAD.scene_dataset_config.json", "additional_obj_config_paths": ["data/objects/ycb/configs/"], "start_position": [0, 0, 0], "start_rotation": [0, 0, 0, 1], "info": {"object_labels": {"061_foam_brick_:0000": "any_targets|0", "063-b_marbles_:0000": "any_targets|1"}}, "ao_states": {}, "rigid_objs": [["061_foam_brick.object_config.json", [[0.12541, 1e-05, 0.99211, -2.22119], [-1e-05, 1.0, -1e-05, 1.13814], [-0.99211, -1e-05, 0.12541, 1.94378], [0.0, 0.0, 0.0, 1.0]]], ["063-b_marbles.object_config.json", [[0.3541, -0.22816, 0.90695, -2.08777], [0.08616, 0.97362, 0.21129, 1.69011], [-0.93123, 0.00332, 0.36442, 2.21008], [0.0, 0.0, 0.0, 1.0]]]], "targets": {"061_foam_brick_:0000": [[0.96264, 0.0, 0.27077, -1.9798], [0.0, 1.0, 0.0, 0.21225], [-0.27077, 0.0, 0.96264, 2.13091], [0.0, 0.0, 0.0, 1.0]], "063-b_marbles_:0000": [[-0.78883, 0.0, -0.61461, -1.50414], [0.0, 1.0, 0.0, 0.19886], [0.61461, 0.0, -0.78883, 2.96201], [0.0, 0.0, 0.0, 1.0]]}, "markers": [], "target_receptacles": [["frl_apartment_wall_cabinet_01_:0000", null], ["frl_apartment_wall_cabinet_01_:0000", null]], "goal_receptacles": [["frl_apartment_wall_cabinet_01_:0000", null], ["frl_apartment_tvstand_:0000", null]], "name_to_receptacle": {"061_foam_brick_:0000": "frl_apartment_wall_cabinet_01_:0000|receptacle_aabb_WC1_Top3frl_apartment_wall_cabinet_01", "063-b_marbles_:0000": "frl_apartment_wall_cabinet_01_:0000|receptacle_aabb_WC1_Top1frl_apartment_wall_cabinet_01"}}, {"episode_id": "25", "scene_id": "data/replica_cad/configs/scenes/v3_sc0_staging_08.scene_instance.json", "scene_dataset_config": "data/replica_cad/replicaCAD.scene_dataset_config.json", "additional_obj_config_paths": ["data/objects/ycb/configs/"], "start_position": [0, 0, 0], "start_rotation": [0, 0, 0, 1], "info": {"object_labels": {"065-d_cups_:0000": "any_targets|0", "028_skillet_lid_:0000": "any_targets|1"}}, "ao_states": {}, "rigid_objs": [["065-d_cups.object_config.json", [[-0.25263, -0.17618, -0.95139, -2.37105], [-0.13, 0.98055, -0.14706, 1.14528], [0.95879, 0.08653, -0.27062, -0.47695], [0.0, 0.0, 0.0, 1.0]]], ["028_skillet_lid.object_config.json", [[-0.85337, 0.01083, -0.52119, -2.21814], [0.00831, 0.99994, 0.00717, 1.15138], [0.52123, 0.00179, -0.85341, -0.30192], [0.0, 0.0, 0.0, 1.0]]]], "targets": {"065-d_cups_:0000": [[-0.48267, 0.0, 0.8758, -2.17546], [0.0, 1.0, 0.0, 0.56243], [-0.8758, 0.0, -0.48267, 0.08231], [0.0, 0.0, 0.0, 1.0]], "028_skillet_lid_:0000": [[0.11455, 0.0, 0.99342, 3.36451], [0.0, 1.0, 0.0, 0.66404], [-0.99342, 0.0, 0.11455, 7.49404], [0.0, 0.0, 0.0, 1.0]]}, "markers": [], "target_receptacles": [["frl_apartment_wall_cabinet_02_:0000", null], ["frl_apartment_wall_cabinet_02_:0000", null]], "goal_receptacles": [["frl_apartment_wall_cabinet_02_:0000", null], ["frl_apartment_tvstand_:0000", null]], "name_to_receptacle": {"065-d_cups_:0000": "frl_apartment_wall_cabinet_02_:0000|receptacle_aabb_WC2_Top3_frl_apartment_wall_cabinet_02", "028_skillet_lid_:0000": "frl_apartment_wall_cabinet_02_:0000|receptacle_aabb_WC2_Top3_frl_apartment_wall_cabinet_02"}}, {"episode_id": "28", "scene_id": "data/replica_cad/configs/scenes/v3_sc3_staging_15.scene_instance.json", "scene_dataset_config": "data/replica_cad/replicaCAD.scene_dataset_config.json", "additional_obj_config_paths": ["data/objects/ycb/configs/"], "start_position": [0, 0, 0], "start_rotation": [0, 0, 0, 1], "info": {"object_labels": {"009_gelatin_box_:0000": "any_targets|0", "077_rubiks_cube_:0000": "any_targets|1"}}, "ao_states": {}, "rigid_objs": [["009_gelatin_box.object_config.json", [[-0.33807, -0.00194, 0.94112, -2.12739], [-0.00134, 1.0, 0.00158, 1.69094], [-0.94112, -0.00072, -0.33807, -0.61653], [0.0, 0.0, 0.0, 1.0]]], ["077_rubiks_cube.object_config.json", [[0.99712, -0.02912, 0.07, 2.5105], [0.02852, 0.99955, 0.0095, 1.71156], [-0.07025, -0.00748, 0.9975, 1.39414], [0.0, 0.0, 0.0, 1.0]]]], "targets": {"009_gelatin_box_:0000": [[0.67274, 0.0, -0.73988, 2.6254], [0.0, 1.0, 0.0, 0.82766], [0.73988, 0.0, 0.67274, 1.51965], [0.0, 0.0, 0.0, 1.0]], "077_rubiks_cube_:0000": [[0.96739, 0.0, 0.25328, 1.98262], [0.0, 1.0, 0.0, 0.55694], [-0.25328, 0.0, 0.96739, 1.56695], [0.0, 0.0, 0.0, 1.0]]}, "markers": [], "target_receptacles": [["frl_apartment_wall_cabinet_01_:0000", null], ["frl_apartment_wall_cabinet_02_:0000", null]], "goal_receptacles": [["frl_apartment_wall_cabinet_02_:0000", null], ["frl_apartment_wall_cabinet_02_:0000", null]], "name_to_receptacle": {"009_gelatin_box_:0000": "frl_apartment_wall_cabinet_01_:0000|receptacle_aabb_WC1_Top1frl_apartment_wall_cabinet_01", "077_rubiks_cube_:0000": "frl_apartment_wall_cabinet_02_:0000|receptacle_aabb_WC2_Top1_frl_apartment_wall_cabinet_02"}}, {"episode_id": "32", "scene_id": "data/replica_cad/configs/scenes/v3_sc0_staging_19.scene_instance.json", "scene_dataset_config": "data/replica_cad/replicaCAD.scene_dataset_config.json", "additional_obj_config_paths": ["data/objects/ycb/configs/"], "start_position": [0, 0, 0], "start_rotation": [0, 0, 0, 1], "info": {"object_labels": {"073-a_lego_duplo_:0000": "any_targets|0", "056_tennis_ball_:0000": "any_targets|1"}}, "ao_states": {}, "rigid_objs": [["073-a_lego_duplo.object_config.json", [[0.99917, 0.00011, 0.04075, -2.31022], [-0.00021, 1.0, 0.00239, 1.69452], [-0.04075, -0.0024, 0.99917, -0.72075], [0.0, 0.0, 0.0, 1.0]]], ["056_tennis_ball.object_config.json", [[0.02446, 0.53428, -0.84495, -2.41315], [0.12412, 0.83704, 0.53287, 1.42382], [0.99197, -0.11791, -0.04585, -0.91246], [0.0, 0.0, 0.0, 1.0]]]], "targets": {"073-a_lego_duplo_:0000": [[-0.7532, 0.0, 0.65779, -1.98754], [0.0, 1.0, 0.0, 0.17772], [-0.65779, 0.0, -0.7532, 0.7497], [0.0, 0.0, 0.0, 1.0]], "056_tennis_ball_:0000": [[0.0711, 0.0, -0.99747, -2.20169], [0.0, 1.0, 0.0, 0.213], [0.99747, 0.0, 0.0711, -0.28123], [0.0, 0.0, 0.0, 1.0]]}, "markers": [], "target_receptacles": [["frl_apartment_wall_cabinet_02_:0000", null], ["frl_apartment_wall_cabinet_02_:0000", null]], "goal_receptacles": [["frl_apartment_tvstand_:0000", null], ["frl_apartment_wall_cabinet_02_:0000", null]], "name_to_receptacle": {"073-a_lego_duplo_:0000": "frl_apartment_wall_cabinet_02_:0000|receptacle_aabb_WC2_Top1_frl_apartment_wall_cabinet_02", "056_tennis_ball_:0000": "frl_apartment_wall_cabinet_02_:0000|receptacle_aabb_WC2_Top2_frl_apartment_wall_cabinet_02"}}, {"episode_id": "34", "scene_id": "data/replica_cad/configs/scenes/v3_sc0_staging_15.scene_instance.json", "scene_dataset_config": "data/replica_cad/replicaCAD.scene_dataset_config.json", "additional_obj_config_paths": ["data/objects/ycb/configs/"], "start_position": [0, 0, 0], "start_rotation": [0, 0, 0, 1], "info": {"object_labels": {"051_large_clamp_:0000": "any_targets|0", "043_phillips_screwdriver_:0000": "any_targets|1"}}, "ao_states": {}, "rigid_objs": [["051_large_clamp.object_config.json", [[0.94513, -0.15645, 0.28679, 4.14341], [0.13403, 0.98629, 0.09631, 1.13068], [-0.29792, -0.05259, 0.95314, 2.7042], [0.0, 0.0, 0.0, 1.0]]], ["043_phillips_screwdriver.object_config.json", [[-0.60327, 0.43205, -0.67038, 3.91232], [0.23997, 0.89994, 0.36404, 1.40008], [0.76058, 0.05874, -0.64658, 2.64634], [0.0, 0.0, 0.0, 1.0]]]], "targets": {"051_large_clamp_:0000": [[0.7589, 0.0, -0.65121, 3.85995], [0.0, 1.0, 0.0, 0.18324], [0.65121, 0.0, 0.7589, 1.43108], [0.0, 0.0, 0.0, 1.0]], "043_phillips_screwdriver_:0000": [[0.79813, 0.0, 0.60248, -0.15465], [0.0, 1.0, 0.0, 0.83046], [-0.60248, 0.0, 0.79813, -0.403], [0.0, 0.0, 0.0, 1.0]]}, "markers": [], "target_receptacles": [["frl_apartment_wall_cabinet_01_:0000", null], ["frl_apartment_wall_cabinet_01_:0000", null]], "goal_receptacles": [["frl_apartment_tvstand_:0000", null], ["frl_apartment_wall_cabinet_02_:0000", null]], "name_to_receptacle": {"051_large_clamp_:0000": "frl_apartment_wall_cabinet_01_:0000|receptacle_aabb_WC1_Top4frl_apartment_wall_cabinet_01", "043_phillips_screwdriver_:0000": "frl_apartment_wall_cabinet_01_:0000|receptacle_aabb_WC1_Top2frl_apartment_wall_cabinet_01"}}, {"episode_id": "39", "scene_id": "data/replica_cad/configs/scenes/v3_sc0_staging_20.scene_instance.json", "scene_dataset_config": "data/replica_cad/replicaCAD.scene_dataset_config.json", "additional_obj_config_paths": ["data/objects/ycb/configs/"], "start_position": [0, 0, 0], "start_rotation": [0, 0, 0, 1], "info": {"object_labels": {"065-d_cups_:0000": "any_targets|0", "065-g_cups_:0000": "any_targets|1"}}, "ao_states": {}, "rigid_objs": [["065-d_cups.object_config.json", [[-0.08609, -0.00123, 0.99629, 0.94887], [0.00164, 1.0, 0.00138, 1.42977], [-0.99629, 0.00175, -0.08608, 2.25112], [0.0, 0.0, 0.0, 1.0]]], ["065-g_cups.object_config.json", [[-0.96288, -3e-05, -0.26992, 1.0287], [-3e-05, 1.0, -1e-05, 1.71977], [0.26992, 0.0, -0.96288, 2.07613], [0.0, 0.0, 0.0, 1.0]]]], "targets": {"065-d_cups_:0000": [[-0.91959, 0.0, 0.39288, 0.89333], [0.0, 1.0, 0.0, 0.84711], [-0.39288, 0.0, -0.91959, 2.17935], [0.0, 0.0, 0.0, 1.0]], "065-g_cups_:0000": [[0.97183, 0.0, -0.23567, 1.72786], [0.0, 1.0, 0.0, 0.45125], [0.23567, 0.0, 0.97183, -0.2606], [0.0, 0.0, 0.0, 1.0]]}, "markers": [], "target_receptacles": [["frl_apartment_wall_cabinet_02_:0000", null], ["frl_apartment_wall_cabinet_02_:0000", null]], "goal_receptacles": [["frl_apartment_wall_cabinet_02_:0000", null], ["frl_apartment_chair_01_:0000", null]], "name_to_receptacle": {"065-d_cups_:0000": "frl_apartment_wall_cabinet_02_:0000|receptacle_aabb_WC2_Top2_frl_apartment_wall_cabinet_02", "065-g_cups_:0000": "frl_apartment_wall_cabinet_02_:0000|receptacle_aabb_WC2_Top1_frl_apartment_wall_cabinet_02"}}, {"episode_id": "50", "scene_id": "data/replica_cad/configs/scenes/v3_sc0_staging_07.scene_instance.json", "scene_dataset_config": "data/replica_cad/replicaCAD.scene_dataset_config.json", "additional_obj_config_paths": ["data/objects/ycb/configs/"], "start_position": [0, 0, 0], "start_rotation": [0, 0, 0, 1], "info": {"object_labels": {"019_pitcher_base_:0000": "any_targets|0", "063-b_marbles_:0000": "any_targets|1"}}, "ao_states": {}, "rigid_objs": [["019_pitcher_base.object_config.json", [[0.78954, 0.03269, -0.61283, -1.96864], [-0.06246, 0.99767, -0.02726, 1.80182], [0.61051, 0.0598, 0.78975, 2.09316], [0.0, 0.0, 0.0, 1.0]]], ["063-b_marbles.object_config.json", [[-0.58273, 0.22046, -0.78219, -2.00214], [0.08512, 0.97376, 0.21104, 1.12686], [0.8082, 0.0564, -0.58621, 0.98549], [0.0, 0.0, 0.0, 1.0]]]], "targets": {"019_pitcher_base_:0000": [[0.43519, 0.0, 0.90034, 2.30845], [0.0, 1.0, 0.0, 1.06413], [-0.90034, 0.0, 0.43519, 6.25561], [0.0, 0.0, 0.0, 1.0]], "063-b_marbles_:0000": [[0.99384, 0.0, -0.11083, -2.02158], [0.0, 1.0, 0.0, 0.82987], [0.11083, 0.0, 0.99384, 2.00671], [0.0, 0.0, 0.0, 1.0]]}, "markers": [], "target_receptacles": [["frl_apartment_wall_cabinet_02_:0000", null], ["frl_apartment_wall_cabinet_01_:0000", null]], "goal_receptacles": [["frl_apartment_table_02_:0000", null], ["frl_apartment_wall_cabinet_02_:0000", null]], "name_to_receptacle": {"019_pitcher_base_:0000": "frl_apartment_wall_cabinet_02_:0000|receptacle_aabb_WC2_Top1_frl_apartment_wall_cabinet_02", "063-b_marbles_:0000": "frl_apartment_wall_cabinet_01_:0000|receptacle_aabb_WC1_Top3frl_apartment_wall_cabinet_01"}}, {"episode_id": "52", "scene_id": "data/replica_cad/configs/scenes/v3_sc3_staging_09.scene_instance.json", "scene_dataset_config": "data/replica_cad/replicaCAD.scene_dataset_config.json", "additional_obj_config_paths": ["data/objects/ycb/configs/"], "start_position": [0, 0, 0], "start_rotation": [0, 0, 0, 1], "info": {"object_labels": {"026_sponge_:0000": "any_targets|0", "065-f_cups_:0000": "any_targets|1"}}, "ao_states": {}, "rigid_objs": [["026_sponge.object_config.json", [[-0.50572, -3e-05, -0.8627, -2.19914], [-5e-05, 1.0, -1e-05, 1.69214], [0.8627, 4e-05, -0.50572, -0.58661], [0.0, 0.0, 0.0, 1.0]]], ["065-f_cups.object_config.json", [[-0.96252, -0.00013, 0.2712, -2.24272], [-0.00016, 1.0, -6e-05, 1.43144], [-0.2712, -0.0001, -0.96252, -1.06576], [0.0, 0.0, 0.0, 1.0]]]], "targets": {"026_sponge_:0000": [[0.41178, 0.0, -0.91128, 1.8762], [0.0, 1.0, 0.0, 0.42755], [0.91128, 0.0, 0.41178, 1.47928], [0.0, 0.0, 0.0, 1.0]], "065-f_cups_:0000": [[-0.99898, 0.0, 0.04511, 1.75344], [0.0, 1.0, 0.0, 0.45652], [-0.04511, 0.0, -0.99898, 1.79851], [0.0, 0.0, 0.0, 1.0]]}, "markers": [], "target_receptacles": [["frl_apartment_wall_cabinet_02_:0000", null], ["frl_apartment_wall_cabinet_02_:0000", null]], "goal_receptacles": [["frl_apartment_chair_01_:0000", null], ["frl_apartment_chair_01_:0000", null]], "name_to_receptacle": {"026_sponge_:0000": "frl_apartment_wall_cabinet_02_:0000|receptacle_aabb_WC2_Top1_frl_apartment_wall_cabinet_02", "065-f_cups_:0000": "frl_apartment_wall_cabinet_02_:0000|receptacle_aabb_WC2_Top2_frl_apartment_wall_cabinet_02"}}, {"episode_id": "54", "scene_id": "data/replica_cad/configs/scenes/v3_sc2_staging_00.scene_instance.json", "scene_dataset_config": "data/replica_cad/replicaCAD.scene_dataset_config.json", "additional_obj_config_paths": ["data/objects/ycb/configs/"], "start_position": [0, 0, 0], "start_rotation": [0, 0, 0, 1], "info": {"object_labels": {"073-b_lego_duplo_:0000": "any_targets|0", "057_racquetball_:0000": "any_targets|1"}}, "ao_states": {}, "rigid_objs": [["073-b_lego_duplo.object_config.json", [[0.85465, 0.0122, 0.51906, -2.18054], [-0.00994, 0.99993, -0.00713, 1.40549], [-0.51911, 0.00093, 0.85471, -1.09269], [0.0, 0.0, 0.0, 1.0]]], ["057_racquetball.object_config.json", [[-0.92637, 0.32907, -0.18317, 0.46381], [0.12382, 0.72543, 0.67707, 0.18655], [0.35568, 0.60453, -0.71276, -0.3132], [0.0, 0.0, 0.0, 1.0]]]], "targets": {"073-b_lego_duplo_:0000": [[-0.78379, 0.0, 0.62102, -2.34974], [0.0, 1.0, 0.0, 0.55027], [-0.62102, 0.0, -0.78379, -1.29714], [0.0, 0.0, 0.0, 1.0]], "057_racquetball_:0000": [[-0.51504, 0.0, 0.85716, -2.38665], [0.0, 1.0, 0.0, 1.41125], [-0.85716, 0.0, -0.51504, -1.29057], [0.0, 0.0, 0.0, 1.0]]}, "markers": [], "target_receptacles": [["frl_apartment_wall_cabinet_01_:0000", null], ["frl_apartment_tvstand_:0000", null]], "goal_receptacles": [["frl_apartment_wall_cabinet_01_:0000", null], ["frl_apartment_wall_cabinet_01_:0000", null]], "name_to_receptacle": {"073-b_lego_duplo_:0000": "frl_apartment_wall_cabinet_01_:0000|receptacle_aabb_WC1_Top3frl_apartment_wall_cabinet_01", "057_racquetball_:0000": "frl_apartment_tvstand_:0000|receptacle_aabb_TvStnd1_Top3_frl_apartment_tvstand"}}, {"episode_id": "60", "scene_id": "data/replica_cad/configs/scenes/v3_sc1_staging_11.scene_instance.json", "scene_dataset_config": "data/replica_cad/replicaCAD.scene_dataset_config.json", "additional_obj_config_paths": ["data/objects/ycb/configs/"], "start_position": [0, 0, 0], "start_rotation": [0, 0, 0, 1], "info": {"object_labels": {"072-e_toy_airplane_:0000": "any_targets|0", "062_dice_:0000": "any_targets|1"}}, "ao_states": {}, "rigid_objs": [["072-e_toy_airplane.object_config.json", [[-0.60144, -0.00034, 0.79892, -0.59406], [-0.00021, 1.0, 0.00026, 1.42814], [-0.79892, -1e-05, -0.60144, -1.26142], [0.0, 0.0, 0.0, 1.0]]], ["062_dice.object_config.json", [[0.91261, 0.01988, -0.40835, -0.71729], [-0.02352, 0.99972, -0.00391, 0.18515], [0.40815, 0.01317, 0.91282, -1.16906], [0.0, 0.0, 0.0, 1.0]]]], "targets": {"072-e_toy_airplane_:0000": [[-0.33971, 0.0, 0.94053, 4.05454], [0.0, 1.0, 0.0, 1.14503], [-0.94053, 0.0, -0.33971, 3.55365], [0.0, 0.0, 0.0, 1.0]], "062_dice_:0000": [[-0.92397, 0.0, -0.38246, 3.97983], [0.0, 1.0, 0.0, 0.94235], [0.38246, 0.0, -0.92397, 0.00898], [0.0, 0.0, 0.0, 1.0]]}, "markers": [], "target_receptacles": [["frl_apartment_wall_cabinet_02_:0000", null], ["frl_apartment_wall_cabinet_02_:0000", null]], "goal_receptacles": [["frl_apartment_wall_cabinet_01_:0000", null], ["frl_apartment_table_02_:0000", null]], "name_to_receptacle": {"072-e_toy_airplane_:0000": "frl_apartment_wall_cabinet_02_:0000|receptacle_aabb_WC2_Top2_frl_apartment_wall_cabinet_02", "062_dice_:0000": "frl_apartment_wall_cabinet_02_:0000|receptacle_aabb_WC2_Top6_frl_apartment_wall_cabinet_02"}}, {"episode_id": "71", "scene_id": "data/replica_cad/configs/scenes/v3_sc0_staging_17.scene_instance.json", "scene_dataset_config": "data/replica_cad/replicaCAD.scene_dataset_config.json", "additional_obj_config_paths": ["data/objects/ycb/configs/"], "start_position": [0, 0, 0], "start_rotation": [0, 0, 0, 1], "info": {"object_labels": {"073-a_lego_duplo_:0000": "any_targets|0", "007_tuna_fish_can_:0000": "any_targets|1"}}, "ao_states": {}, "rigid_objs": [["073-a_lego_duplo.object_config.json", [[-0.99254, -0.03074, -0.11795, 0.79856], [-0.02971, 0.9995, -0.01049, 0.17139], [0.11821, -0.00691, -0.99296, 3.55634], [0.0, 0.0, 0.0, 1.0]]], ["007_tuna_fish_can.object_config.json", [[0.54021, -1e-05, -0.84153, -1.91051], [0.0, 1.0, -1e-05, 1.13074], [0.84153, 0.0, 0.54021, 1.56953], [0.0, 0.0, 0.0, 1.0]]]], "targets": {"073-a_lego_duplo_:0000": [[-0.73183, 0.0, -0.68149, 3.83343], [0.0, 1.0, 0.0, 0.42617], [0.68149, 0.0, -0.73183, 4.24691], [0.0, 0.0, 0.0, 1.0]], "007_tuna_fish_can_:0000": [[0.10038, 0.0, -0.99495, -1.97175], [0.0, 1.0, 0.0, 0.54538], [0.99495, 0.0, 0.10038, 2.3469], [0.0, 0.0, 0.0, 1.0]]}, "markers": [], "target_receptacles": [["frl_apartment_tvstand_:0000", null], ["frl_apartment_wall_cabinet_02_:0000", null]], "goal_receptacles": [["frl_apartment_chair_01_:0000", null], ["frl_apartment_wall_cabinet_01_:0000", null]], "name_to_receptacle": {"073-a_lego_duplo_:0000": "frl_apartment_tvstand_:0000|receptacle_aabb_TvStnd1_Top3_frl_apartment_tvstand", "007_tuna_fish_can_:0000": "frl_apartment_wall_cabinet_02_:0000|receptacle_aabb_WC2_Top3_frl_apartment_wall_cabinet_02"}}, {"episode_id": "86", "scene_id": "data/replica_cad/configs/scenes/v3_sc1_staging_19.scene_instance.json", "scene_dataset_config": "data/replica_cad/replicaCAD.scene_dataset_config.json", "additional_obj_config_paths": ["data/objects/ycb/configs/"], "start_position": [0, 0, 0], "start_rotation": [0, 0, 0, 1], "info": {"object_labels": {"073-c_lego_duplo_:0000": "any_targets|0", "031_spoon_:0000": "any_targets|1"}}, "ao_states": {}, "rigid_objs": [["073-c_lego_duplo.object_config.json", [[-0.66202, 0.00087, -0.74948, 2.61311], [0.00032, 1.0, 0.00087, 1.68751], [0.74948, 0.00034, -0.66202, 7.53809], [0.0, 0.0, 0.0, 1.0]]], ["031_spoon.object_config.json", [[-0.04817, -0.00498, -0.99883, 4.04956], [-0.00094, 0.99999, -0.00494, 0.18599], [0.99884, 0.0007, -0.04818, 1.74929], [0.0, 0.0, 0.0, 1.0]]]], "targets": {"073-c_lego_duplo_:0000": [[0.4358, 0.0, -0.90004, 3.96599], [0.0, 1.0, 0.0, 1.40654], [0.90004, 0.0, 0.4358, 2.09125], [0.0, 0.0, 0.0, 1.0]], "031_spoon_:0000": [[0.68138, 0.0, 0.73193, -1.86629], [0.0, 1.0, 0.0, 0.57803], [-0.73193, 0.0, 0.68138, 2.75563], [0.0, 0.0, 0.0, 1.0]]}, "markers": [], "target_receptacles": [["frl_apartment_wall_cabinet_01_:0000", null], ["frl_apartment_wall_cabinet_02_:0000", null]], "goal_receptacles": [["frl_apartment_wall_cabinet_02_:0000", null], ["frl_apartment_table_02_:0000", null]], "name_to_receptacle": {"073-c_lego_duplo_:0000": "frl_apartment_wall_cabinet_01_:0000|receptacle_aabb_WC1_Top1frl_apartment_wall_cabinet_01", "031_spoon_:0000": "frl_apartment_wall_cabinet_02_:0000|receptacle_aabb_WC2_Top6_frl_apartment_wall_cabinet_02"}}, {"episode_id": "88", "scene_id": "data/replica_cad/configs/scenes/v3_sc2_staging_07.scene_instance.json", "scene_dataset_config": "data/replica_cad/replicaCAD.scene_dataset_config.json", "additional_obj_config_paths": ["data/objects/ycb/configs/"], "start_position": [0, 0, 0], "start_rotation": [0, 0, 0, 1], "info": {"object_labels": {"073-b_lego_duplo_:0000": "any_targets|0", "017_orange_:0000": "any_targets|1"}}, "ao_states": {}, "rigid_objs": [["073-b_lego_duplo.object_config.json", [[0.99959, -0.02861, -0.00187, 1.61128], [0.02861, 0.99959, -0.00205, 0.18994], [0.00192, 0.00199, 1.0, 3.43223], [0.0, 0.0, 0.0, 1.0]]], ["017_orange.object_config.json", [[0.52507, -0.17925, -0.83197, 1.22964], [0.12987, 0.98299, -0.12983, 0.19018], [0.84109, -0.03988, 0.53942, 3.48601], [0.0, 0.0, 0.0, 1.0]]]], "targets": {"073-b_lego_duplo_:0000": [[-0.18966, 0.0, -0.98185, -1.92544], [0.0, 1.0, 0.0, 1.14005], [0.98185, 0.0, -0.18966, -0.91671], [0.0, 0.0, 0.0, 1.0]], "017_orange_:0000": [[0.30484, 0.0, -0.9524, 1.34817], [0.0, 1.0, 0.0, 0.66597], [0.9524, 0.0, 0.30484, 3.2425], [0.0, 0.0, 0.0, 1.0]]}, "markers": [], "target_receptacles": [["frl_apartment_tvstand_:0000", null], ["frl_apartment_tvstand_:0000", null]], "goal_receptacles": [["frl_apartment_wall_cabinet_01_:0000", null], ["frl_apartment_tvstand_:0000", null]], "name_to_receptacle": {"073-b_lego_duplo_:0000": "frl_apartment_tvstand_:0000|receptacle_aabb_TvStnd1_Top3_frl_apartment_tvstand", "017_orange_:0000": "frl_apartment_tvstand_:0000|receptacle_aabb_TvStnd1_Top3_frl_apartment_tvstand"}}, {"episode_id": "90", "scene_id": "data/replica_cad/configs/scenes/v3_sc0_staging_15.scene_instance.json", "scene_dataset_config": "data/replica_cad/replicaCAD.scene_dataset_config.json", "additional_obj_config_paths": ["data/objects/ycb/configs/"], "start_position": [0, 0, 0], "start_rotation": [0, 0, 0, 1], "info": {"object_labels": {"054_softball_:0000": "any_targets|0", "042_adjustable_wrench_:0000": "any_targets|1"}}, "ao_states": {}, "rigid_objs": [["054_softball.object_config.json", [[-0.92719, 0.37408, -0.01942, 3.8181], [0.3562, 0.86443, -0.35481, 0.19875], [-0.11594, -0.33589, -0.93474, 1.40533], [0.0, 0.0, 0.0, 1.0]]], ["042_adjustable_wrench.object_config.json", [[0.83779, -0.03969, -0.54455, 4.14249], [0.03961, 0.99914, -0.01187, 1.68186], [0.54455, -0.01163, 0.83865, 2.66709], [0.0, 0.0, 0.0, 1.0]]]], "targets": {"054_softball_:0000": [[-0.54089, 0.0, -0.8411, 0.14837], [0.0, 1.0, 0.0, 0.22354], [0.8411, 0.0, -0.54089, -0.28494], [0.0, 0.0, 0.0, 1.0]], "042_adjustable_wrench_:0000": [[-0.39258, 0.0, -0.91972, 4.1318], [0.0, 1.0, 0.0, 1.11926], [0.91972, 0.0, -0.39258, 2.4435], [0.0, 0.0, 0.0, 1.0]]}, "markers": [], "target_receptacles": [["frl_apartment_tvstand_:0000", null], ["frl_apartment_wall_cabinet_01_:0000", null]], "goal_receptacles": [["frl_apartment_wall_cabinet_02_:0000", null], ["frl_apartment_wall_cabinet_01_:0000", null]], "name_to_receptacle": {"054_softball_:0000": "frl_apartment_tvstand_:0000|receptacle_aabb_TvStnd1_Top3_frl_apartment_tvstand", "042_adjustable_wrench_:0000": "frl_apartment_wall_cabinet_01_:0000|receptacle_aabb_WC1_Top2frl_apartment_wall_cabinet_01"}}, {"episode_id": "111", "scene_id": "data/replica_cad/configs/scenes/v3_sc0_staging_07.scene_instance.json", "scene_dataset_config": "data/replica_cad/replicaCAD.scene_dataset_config.json", "additional_obj_config_paths": ["data/objects/ycb/configs/"], "start_position": [0, 0, 0], "start_rotation": [0, 0, 0, 1], "info": {"object_labels": {"061_foam_brick_:0000": "any_targets|0", "038_padlock_:0000": "any_targets|1"}}, "ao_states": {}, "rigid_objs": [["061_foam_brick.object_config.json", [[0.40753, 2e-05, 0.91319, -2.15297], [-5e-05, 1.0, -0.0, 1.13947], [-0.91319, -4e-05, 0.40753, 1.93345], [0.0, 0.0, 0.0, 1.0]]], ["038_padlock.object_config.json", [[-0.51974, 0.00067, 0.85433, -2.02147], [0.00398, 0.99999, 0.00164, 1.4097], [-0.85432, 0.00426, -0.51973, 1.57275], [0.0, 0.0, 0.0, 1.0]]]], "targets": {"061_foam_brick_:0000": [[0.6147, 0.0, -0.78876, 2.67355], [0.0, 1.0, 0.0, 0.81265], [0.78876, 0.0, 0.6147, 5.57941], [0.0, 0.0, 0.0, 1.0]], "038_padlock_:0000": [[0.69137, 0.0, -0.7225, -2.15856], [0.0, 1.0, 0.0, 0.54316], [0.7225, 0.0, 0.69137, 0.93666], [0.0, 0.0, 0.0, 1.0]]}, "markers": [], "target_receptacles": [["frl_apartment_wall_cabinet_02_:0000", null], ["frl_apartment_wall_cabinet_02_:0000", null]], "goal_receptacles": [["frl_apartment_table_02_:0000", null], ["frl_apartment_wall_cabinet_01_:0000", null]], "name_to_receptacle": {"061_foam_brick_:0000": "frl_apartment_wall_cabinet_02_:0000|receptacle_aabb_WC2_Top3_frl_apartment_wall_cabinet_02", "038_padlock_:0000": "frl_apartment_wall_cabinet_02_:0000|receptacle_aabb_WC2_Top2_frl_apartment_wall_cabinet_02"}}, {"episode_id": "115", "scene_id": "data/replica_cad/configs/scenes/v3_sc3_staging_18.scene_instance.json", "scene_dataset_config": "data/replica_cad/replicaCAD.scene_dataset_config.json", "additional_obj_config_paths": ["data/objects/ycb/configs/"], "start_position": [0, 0, 0], "start_rotation": [0, 0, 0, 1], "info": {"object_labels": {"037_scissors_:0000": "any_targets|0", "003_cracker_box_:0000": "any_targets|1"}}, "ao_states": {}, "rigid_objs": [["037_scissors.object_config.json", [[-0.20664, -0.05028, 0.97712, 2.92095], [0.10329, 0.99198, 0.07289, 0.16966], [-0.97295, 0.11599, -0.19979, 2.4896], [0.0, 0.0, 0.0, 1.0]]], ["003_cracker_box.object_config.json", [[0.1291, -0.00057, -0.99163, 0.3722], [-0.04493, 0.99897, -0.00642, 1.04092], [0.99061, 0.04539, 0.12894, 1.66509], [0.0, 0.0, 0.0, 1.0]]]], "targets": {"037_scissors_:0000": [[0.94238, 0.0, -0.33453, 0.87631], [0.0, 1.0, 0.0, 0.42199], [0.33453, 0.0, 0.94238, 5.6114], [0.0, 0.0, 0.0, 1.0]], "003_cracker_box_:0000": [[0.4503, 0.0, -0.89288, -2.42589], [0.0, 1.0, 0.0, 1.78183], [0.89288, 0.0, 0.4503, -1.22379], [0.0, 0.0, 0.0, 1.0]]}, "markers": [], "target_receptacles": [["frl_apartment_tvstand_:0000", null], ["frl_apartment_table_02_:0000", null]], "goal_receptacles": [["frl_apartment_chair_01_:0000", null], ["frl_apartment_wall_cabinet_01_:0000", null]], "name_to_receptacle": {"037_scissors_:0000": "frl_apartment_tvstand_:0000|receptacle_aabb_TvStnd1_Top3_frl_apartment_tvstand", "003_cracker_box_:0000": "frl_apartment_table_02_:0000|receptacle_aabb_Tbl2_Top1_frl_apartment_table_02"}}, {"episode_id": "123", "scene_id": "data/replica_cad/configs/scenes/v3_sc3_staging_19.scene_instance.json", "scene_dataset_config": "data/replica_cad/replicaCAD.scene_dataset_config.json", "additional_obj_config_paths": ["data/objects/ycb/configs/"], "start_position": [0, 0, 0], "start_rotation": [0, 0, 0, 1], "info": {"object_labels": {"053_mini_soccer_ball_:0000": "any_targets|0", "052_extra_large_clamp_:0000": "any_targets|1"}}, "ao_states": {}, "rigid_objs": [["053_mini_soccer_ball.object_config.json", [[-0.09119, 0.36704, 0.92573, -2.34452], [0.10596, 0.9279, -0.35746, 1.16835], [-0.99018, 0.0655, -0.12351, -0.58553], [0.0, 0.0, 0.0, 1.0]]], ["052_extra_large_clamp.object_config.json", [[0.95464, -0.00621, 0.2977, -2.17914], [0.004, 0.99996, 0.00803, 0.19515], [-0.29774, -0.00648, 0.95463, -0.97443], [0.0, 0.0, 0.0, 1.0]]]], "targets": {"053_mini_soccer_ball_:0000": [[0.79358, 0.0, 0.60847, 2.94794], [0.0, 1.0, 0.0, 1.7471], [-0.60847, 0.0, 0.79358, 4.20713], [0.0, 0.0, 0.0, 1.0]], "052_extra_large_clamp_:0000": [[0.12542, 0.0, 0.9921, 2.01992], [0.0, 1.0, 0.0, 0.23995], [-0.9921, 0.0, 0.12542, 3.37675], [0.0, 0.0, 0.0, 1.0]]}, "markers": [], "target_receptacles": [["frl_apartment_wall_cabinet_02_:0000", null], ["frl_apartment_wall_cabinet_02_:0000", null]], "goal_receptacles": [["frl_apartment_wall_cabinet_01_:0000", null], ["frl_apartment_table_02_:0000", null]], "name_to_receptacle": {"053_mini_soccer_ball_:0000": "frl_apartment_wall_cabinet_02_:0000|receptacle_aabb_WC2_Top4_frl_apartment_wall_cabinet_02", "052_extra_large_clamp_:0000": "frl_apartment_wall_cabinet_02_:0000|receptacle_aabb_WC2_Top6_frl_apartment_wall_cabinet_02"}}, {"episode_id": "134", "scene_id": "data/replica_cad/configs/scenes/v3_sc2_staging_02.scene_instance.json", "scene_dataset_config": "data/replica_cad/replicaCAD.scene_dataset_config.json", "additional_obj_config_paths": ["data/objects/ycb/configs/"], "start_position": [0, 0, 0], "start_rotation": [0, 0, 0, 1], "info": {"object_labels": {"003_cracker_box_:0000": "any_targets|0", "029_plate_:0000": "any_targets|1"}}, "ao_states": {}, "rigid_objs": [["003_cracker_box.object_config.json", [[-0.98512, -0.04382, -0.16619, 3.58738], [-0.04328, 0.99904, -0.00689, 1.50203], [0.16633, 0.00041, -0.98607, 7.71452], [0.0, 0.0, 0.0, 1.0]]], ["029_plate.object_config.json", [[-0.86705, 0.0, -0.49821, 3.78421], [-0.0, 1.0, 0.0, 1.40886], [0.49821, 0.0, -0.86705, 7.76306], [0.0, 0.0, 0.0, 1.0]]]], "targets": {"003_cracker_box_:0000": [[-0.9381, 0.0, 0.34636, -2.43725], [0.0, 1.0, 0.0, 1.22163], [-0.34636, 0.0, -0.9381, -1.26533], [0.0, 0.0, 0.0, 1.0]], "029_plate_:0000": [[-0.65453, 0.0, -0.75603, 0.7255], [0.0, 1.0, 0.0, 0.23669], [0.75603, 0.0, -0.65453, 0.20815], [0.0, 0.0, 0.0, 1.0]]}, "markers": [], "target_receptacles": [["frl_apartment_wall_cabinet_02_:0000", null], ["frl_apartment_wall_cabinet_02_:0000", null]], "goal_receptacles": [["frl_apartment_wall_cabinet_01_:0000", null], ["frl_apartment_table_02_:0000", null]], "name_to_receptacle": {"003_cracker_box_:0000": "frl_apartment_wall_cabinet_02_:0000|receptacle_aabb_WC2_Top2_frl_apartment_wall_cabinet_02", "029_plate_:0000": "frl_apartment_wall_cabinet_02_:0000|receptacle_aabb_WC2_Top2_frl_apartment_wall_cabinet_02"}}, {"episode_id": "139", "scene_id": "data/replica_cad/configs/scenes/v3_sc2_staging_07.scene_instance.json", "scene_dataset_config": "data/replica_cad/replicaCAD.scene_dataset_config.json", "additional_obj_config_paths": ["data/objects/ycb/configs/"], "start_position": [0, 0, 0], "start_rotation": [0, 0, 0, 1], "info": {"object_labels": {"072-c_toy_airplane_:0000": "any_targets|0", "073-g_lego_duplo_:0000": "any_targets|1"}}, "ao_states": {}, "rigid_objs": [["072-c_toy_airplane.object_config.json", [[0.72655, -0.05393, -0.68499, 1.25687], [0.03137, 0.99848, -0.04533, 0.19089], [0.68639, 0.01145, 0.72714, 3.26769], [0.0, 0.0, 0.0, 1.0]]], ["073-g_lego_duplo.object_config.json", [[0.85162, -0.24368, 0.46407, -2.04477], [0.2341, 0.96898, 0.07921, 1.42108], [-0.46897, 0.04118, 0.88225, -1.16544], [0.0, 0.0, 0.0, 1.0]]]], "targets": {"072-c_toy_airplane_:0000": [[-0.15177, 0.0, 0.98842, 3.4827], [0.0, 1.0, 0.0, 0.20959], [-0.98842, 0.0, -0.15177, 7.66592], [0.0, 0.0, 0.0, 1.0]], "073-g_lego_duplo_:0000": [[-0.92401, 0.0, 0.38237, 2.25299], [0.0, 1.0, 0.0, 0.79192], [-0.38237, 0.0, -0.92401, 7.79084], [0.0, 0.0, 0.0, 1.0]]}, "markers": [], "target_receptacles": [["frl_apartment_tvstand_:0000", null], ["frl_apartment_wall_cabinet_01_:0000", null]], "goal_receptacles": [["frl_apartment_wall_cabinet_02_:0000", null], ["frl_apartment_table_01_:0000", null]], "name_to_receptacle": {"072-c_toy_airplane_:0000": "frl_apartment_tvstand_:0000|receptacle_aabb_TvStnd1_Top3_frl_apartment_tvstand", "073-g_lego_duplo_:0000": "frl_apartment_wall_cabinet_01_:0000|receptacle_aabb_WC1_Top2frl_apartment_wall_cabinet_01"}}, {"episode_id": "144", "scene_id": "data/replica_cad/configs/scenes/v3_sc2_staging_16.scene_instance.json", "scene_dataset_config": "data/replica_cad/replicaCAD.scene_dataset_config.json", "additional_obj_config_paths": ["data/objects/ycb/configs/"], "start_position": [0, 0, 0], "start_rotation": [0, 0, 0, 1], "info": {"object_labels": {"072-e_toy_airplane_:0000": "any_targets|0", "003_cracker_box_:0000": "any_targets|1"}}, "ao_states": {}, "rigid_objs": [["072-e_toy_airplane.object_config.json", [[-0.67844, -0.00075, 0.73466, 4.13497], [-0.00028, 1.0, 0.00077, 1.42814], [-0.73466, 0.00032, -0.67844, 4.57625], [0.0, 0.0, 0.0, 1.0]]], ["003_cracker_box.object_config.json", [[0.30149, 0.06095, -0.95152, 4.19887], [-0.14951, 0.98863, 0.01596, 1.22084], [0.94167, 0.13745, 0.30718, 4.17562], [0.0, 0.0, 0.0, 1.0]]]], "targets": {"072-e_toy_airplane_:0000": [[0.55626, 0.0, 0.83101, 4.29861], [0.0, 1.0, 0.0, 1.14637], [-0.83101, 0.0, 0.55626, 3.98082], [0.0, 0.0, 0.0, 1.0]], "003_cracker_box_:0000": [[-0.33086, 0.0, -0.94368, 4.23573], [0.0, 1.0, 0.0, 0.63467], [0.94368, 0.0, -0.33086, 4.48081], [0.0, 0.0, 0.0, 1.0]]}, "markers": [], "target_receptacles": [["frl_apartment_wall_cabinet_02_:0000", null], ["frl_apartment_wall_cabinet_02_:0000", null]], "goal_receptacles": [["frl_apartment_wall_cabinet_02_:0000", null], ["frl_apartment_wall_cabinet_02_:0000", null]], "name_to_receptacle": {"072-e_toy_airplane_:0000": "frl_apartment_wall_cabinet_02_:0000|receptacle_aabb_WC2_Top2_frl_apartment_wall_cabinet_02", "003_cracker_box_:0000": "frl_apartment_wall_cabinet_02_:0000|receptacle_aabb_WC2_Top3_frl_apartment_wall_cabinet_02"}}, {"episode_id": "145", "scene_id": "data/replica_cad/configs/scenes/v3_sc0_staging_07.scene_instance.json", "scene_dataset_config": "data/replica_cad/replicaCAD.scene_dataset_config.json", "additional_obj_config_paths": ["data/objects/ycb/configs/"], "start_position": [0, 0, 0], "start_rotation": [0, 0, 0, 1], "info": {"object_labels": {"037_scissors_:0000": "any_targets|0", "040_large_marker_:0000": "any_targets|1"}}, "ao_states": {}, "rigid_objs": [["037_scissors.object_config.json", [[-0.43688, 0.12204, -0.8912, -2.19375], [0.084, 0.99196, 0.09466, 1.68307], [0.89559, -0.03351, -0.44362, 1.04246], [0.0, 0.0, 0.0, 1.0]]], ["040_large_marker.object_config.json", [[-0.0872, -0.00876, -0.99615, -2.01255], [-0.08653, 0.99625, -0.00118, 0.19649], [0.99243, 0.08609, -0.08763, 0.93215], [0.0, 0.0, 0.0, 1.0]]]], "targets": {"037_scissors_:0000": [[0.97819, 0.0, 0.20773, -1.92815], [0.0, 1.0, 0.0, 0.82042], [-0.20773, 0.0, 0.97819, 1.68802], [0.0, 0.0, 0.0, 1.0]], "040_large_marker_:0000": [[-0.99922, 0.0, -0.03941, -1.92453], [0.0, 1.0, 0.0, 1.4723], [0.03941, 0.0, -0.99922, 0.87498], [0.0, 0.0, 0.0, 1.0]]}, "markers": [], "target_receptacles": [["frl_apartment_wall_cabinet_01_:0000", null], ["frl_apartment_wall_cabinet_01_:0000", null]], "goal_receptacles": [["frl_apartment_wall_cabinet_02_:0000", null], ["frl_apartment_wall_cabinet_01_:0000", null]], "name_to_receptacle": {"037_scissors_:0000": "frl_apartment_wall_cabinet_01_:0000|receptacle_aabb_WC1_Top1frl_apartment_wall_cabinet_01", "040_large_marker_:0000": "frl_apartment_wall_cabinet_01_:0000|receptacle_aabb_WC1_Top6frl_apartment_wall_cabinet_01"}}, {"episode_id": "147", "scene_id": "data/replica_cad/configs/scenes/v3_sc3_staging_08.scene_instance.json", "scene_dataset_config": "data/replica_cad/replicaCAD.scene_dataset_config.json", "additional_obj_config_paths": ["data/objects/ycb/configs/"], "start_position": [0, 0, 0], "start_rotation": [0, 0, 0, 1], "info": {"object_labels": {"065-c_cups_:0000": "any_targets|0", "065-a_cups_:0000": "any_targets|1"}}, "ao_states": {}, "rigid_objs": [["065-c_cups.object_config.json", [[0.65401, 0.0005, -0.75648, 3.30463], [-0.00013, 1.0, 0.00055, 1.14706], [0.75648, -0.00026, 0.65401, 3.31431], [0.0, 0.0, 0.0, 1.0]]], ["065-a_cups.object_config.json", [[-0.65205, -0.0008, 0.75818, -2.34851], [0.00031, 1.0, 0.00131, 1.14316], [-0.75818, 0.00109, -0.65205, -1.13116], [0.0, 0.0, 0.0, 1.0]]]], "targets": {"065-c_cups_:0000": [[0.58653, 0.0, -0.80993, 3.85169], [0.0, 1.0, 0.0, 0.19915], [0.80993, 0.0, 0.58653, 5.59355], [0.0, 0.0, 0.0, 1.0]], "065-a_cups_:0000": [[0.93216, 0.0, -0.36206, 2.88075], [0.0, 1.0, 0.0, 1.42548], [0.36206, 0.0, 0.93216, 3.27724], [0.0, 0.0, 0.0, 1.0]]}, "markers": [], "target_receptacles": [["frl_apartment_wall_cabinet_02_:0000", null], ["frl_apartment_wall_cabinet_01_:0000", null]], "goal_receptacles": [["frl_apartment_tvstand_:0000", null], ["frl_apartment_wall_cabinet_02_:0000", null]], "name_to_receptacle": {"065-c_cups_:0000": "frl_apartment_wall_cabinet_02_:0000|receptacle_aabb_WC2_Top3_frl_apartment_wall_cabinet_02", "065-a_cups_:0000": "frl_apartment_wall_cabinet_01_:0000|receptacle_aabb_WC1_Top4frl_apartment_wall_cabinet_01"}}, {"episode_id": "151", "scene_id": "data/replica_cad/configs/scenes/v3_sc3_staging_05.scene_instance.json", "scene_dataset_config": "data/replica_cad/replicaCAD.scene_dataset_config.json", "additional_obj_config_paths": ["data/objects/ycb/configs/"], "start_position": [0, 0, 0], "start_rotation": [0, 0, 0, 1], "info": {"object_labels": {"073-f_lego_duplo_:0000": "any_targets|0", "007_tuna_fish_can_:0000": "any_targets|1"}}, "ao_states": {}, "rigid_objs": [["073-f_lego_duplo.object_config.json", [[-0.84517, 0.00086, 0.5345, -2.04636], [0.00023, 1.0, -0.00125, 1.69691], [-0.5345, -0.00093, -0.84517, -0.62221], [0.0, 0.0, 0.0, 1.0]]], ["007_tuna_fish_can.object_config.json", [[0.99316, -0.0, 0.11679, 2.33412], [0.0, 1.0, 0.0, 1.69952], [-0.11679, -0.0, 0.99316, 1.51562], [0.0, 0.0, 0.0, 1.0]]]], "targets": {"073-f_lego_duplo_:0000": [[-0.49976, 0.0, 0.86616, 2.32251], [0.0, 1.0, 0.0, 0.83431], [-0.86616, 0.0, -0.49976, 1.36771], [0.0, 0.0, 0.0, 1.0]], "007_tuna_fish_can_:0000": [[0.92434, 0.0, -0.38156, -2.07605], [0.0, 1.0, 0.0, 0.82824], [0.38156, 0.0, 0.92434, -0.45832], [0.0, 0.0, 0.0, 1.0]]}, "markers": [], "target_receptacles": [["frl_apartment_wall_cabinet_01_:0000", null], ["frl_apartment_wall_cabinet_02_:0000", null]], "goal_receptacles": [["frl_apartment_wall_cabinet_02_:0000", null]