{
  "entities": [
    {
      "step": "1",
      "data": {
        "agent_0_camera_extrinsic": [
          [
            0.49031299352645874,
            -0.3236844539642334,
            0.8092109560966492,
            -6.439017295837402
          ],
          [
            0.0,
            0.9284766316413879,
            0.3713907301425934,
            1.37505042552948
          ],
          [
            -0.8715469241142273,
            -0.18209770321846008,
            0.45524415373802185,
            -7.742476940155029
          ],
          [
            0.0,
            0.0,
            0.0,
            1.0
          ]
        ],
        "agent_0_ee_global_pos_sensor": [
          -6.647963047027588,
          1.1727275848388672,
          -8.147381782531738
        ],
        "agent_0_ee_pos": [
          0.6306371688842773,
          -0.2504444122314453,
          0.9976771473884583
        ],
        "agent_0_has_finished_oracle_nav": [
          0.0
        ],
        "agent_0_localization_sensor": [
          -6.22113037109375,
          0.17505034804344177,
          -7.619898796081543,
          2.6291441917419434
        ],
        "agent_0_obj_pos": [
          -7.497109889984131,
          0.939050018787384,
          -8.032190322875977
        ],
        "agent_0_robot_trans_martix": [
          [
            -0.8715468645095825,
            -0.49031299352645874,
            -2.1432262187204287e-08,
            -6.22113037109375
          ],
          [
            0.0,
            -4.371138828673793e-08,
            1.0,
            0.17505034804344177
          ],
          [
            -0.49031296372413635,
            0.8715469241142273,
            3.809652682207343e-08,
            -7.619898796081543
          ],
          [
            0.0,
            0.0,
            0.0,
            1.0
          ]
        ],
        "agent_0_target_pos": [
          -4.317590236663818,
          0.5727099776268005,
          -3.076509952545166
        ],
        "agent_1_camera_extrinsic": [
          [
            0.9685394763946533,
            -0.09242429584264755,
            0.2310606986284256,
            -5.687065601348877
          ],
          [
            0.0,
            0.9284766316413879,
            0.3713907301425934,
            1.37505042552948
          ],
          [
            -0.24886000156402588,
            -0.3597065806388855,
            0.899266242980957,
            -8.769911766052246
          ],
          [
            0.0,
            0.0,
            0.0,
            1.0
          ]
        ],
        "agent_1_ee_global_pos_sensor": [
          -5.488968849182129,
          1.204466462135315,
          -9.21826457977295
        ],
        "agent_1_ee_pos": [
          0.6349496841430664,
          -0.30344176292419434,
          1.0294160842895508
        ],
        "agent_1_has_finished_oracle_nav": [
          0.0
        ],
        "agent_1_localization_sensor": [
          -5.624850749969482,
          0.17505034804344177,
          -8.527776718139648,
          1.8222993612289429
        ],
        "agent_1_obj_pos": [
          -7.300650119781494,
          0.9310200214385986,
          -7.315299987792969
        ],
        "agent_1_robot_trans_martix": [
          [
            -0.24885998666286469,
            -0.9685394763946533,
            -4.233620387594783e-08,
            -5.624850749969482
          ],
          [
            0.0,
            -4.371138828673793e-08,
            1.0,
            0.17505034804344177
          ],
          [
            -0.9685394167900085,
            0.24886000156402588,
            1.0878015821447207e-08,
            -8.527776718139648
          ],
          [
            0.0,
            0.0,
            0.0,
            1.0
          ]
        ],
        "agent_1_target_pos": [
          -3.9347000122070312,
          0.5756000280380249,
          -2.902820110321045
        ]
      }
    },
    {
      "step": "2",
      "data": {
        "agent_0_camera_extrinsic": [
          [
            0.5611563324928284,
            -0.3074038028717041,
            0.7685093283653259,
            -6.428057670593262
          ],
          [
            0.0,
            0.9284766316413879,
            0.3713907301425934,
            1.37505042552948
          ],
          [
            -0.8277099132537842,
            -0.20840826630592346,
            0.5210205316543579,
            -7.760188102722168
          ],
          [
            0.0,
            0.0,
            0.0,
            1.0
          ]
        ],
        "agent_0_ee_global_pos_sensor": [
          -6.602575302124023,
          1.1727272272109985,
          -8.181079864501953
        ],
        "agent_0_ee_pos": [
          0.6306362152099609,
          -0.2504446506500244,
          0.9976768493652344
        ],
        "agent_0_has_finished_oracle_nav": [
          0.0
        ],
        "agent_0_localization_sensor": [
          -6.22113037109375,
          0.17505034804344177,
          -7.619898796081543,
          2.5458104610443115
        ],
        "agent_0_obj_pos": [
          -7.497109889984131,
          0.939050018787384,
          -8.032190322875977
        ],
        "agent_0_robot_trans_martix": [
          [
            -0.8277098536491394,
            -0.5611563324928284,
            -2.4528922892841365e-08,
            -6.22113037109375
          ],
          [
            0.0,
            -4.371138828673793e-08,
            1.0,
            0.17505034804344177
          ],
          [
            -0.5611562728881836,
            0.8277099132537842,
            3.6180349383130306e-08,
            -7.619898796081543
          ],
          [
            0.0,
            0.0,
            0.0,
            1.0
          ]
        ],
        "agent_0_target_pos": [
          -4.317590236663818,
          0.5727099776268005,
          -3.076509952545166
        ],
        "agent_1_camera_extrinsic": [
          [
            0.9444641470909119,
            -0.1220446452498436,
            0.3051115572452545,
            -5.707004547119141
          ],
          [
            0.0,
            0.9284766316413879,
            0.3713907301425934,
            1.37505042552948
          ],
          [
            -0.3286152184009552,
            -0.3507652282714844,
            0.8769128918647766,
            -8.763893127441406
          ],
          [
            0.0,
            0.0,
            0.0,
            1.0
          ]
        ],
        "agent_1_ee_global_pos_sensor": [
          -5.546915531158447,
          1.2044669389724731,
          -9.227179527282715
        ],
        "agent_1_ee_pos": [
          0.6349496841430664,
          -0.30344176292419434,
          1.029416561126709
        ],
        "agent_1_has_finished_oracle_nav": [
          0.0
        ],
        "agent_1_localization_sensor": [
          -5.624850749969482,
          0.17505034804344177,
          -8.527776718139648,
          1.9056332111358643
        ],
        "agent_1_obj_pos": [
          -7.300650119781494,
          0.9310200214385986,
          -7.315299987792969
        ],
        "agent_1_robot_trans_martix": [
          [
            -0.3286151885986328,
            -0.9444641470909119,
            -4.128384034629562e-08,
            -5.624850749969482
          ],
          [
            0.0,
            -4.371138828673793e-08,
            1.0,
            0.17505034804344177
          ],
          [
            -0.9444640874862671,
            0.3286152184009552,
            1.436422714107266e-08,
            -8.527776718139648
          ],
          [
            0.0,
            0.0,
            0.0,
            1.0
          ]
        ],
        "agent_1_target_pos": [
          -3.9347000122070312,
          0.5756000280380249,
          -2.902820110321045
        ]
      }
    },
    {
      "step": "3",
      "data": {
        "agent_0_camera_extrinsic": [
          [
            0.5611563324928284,
            -0.30740371346473694,
            0.7685091495513916,
            -6.497033596038818
          ],
          [
            0.0,
            0.9284766316413879,
            0.3713907301425934,
            1.37505042552948
          ],
          [
            -0.8277097344398499,
            -0.20840826630592346,
            0.5210205316543579,
            -7.80695104598999
          ],
          [
            0.0,
            0.0,
            0.0,
            1.0
          ]
        ],
        "agent_0_ee_global_pos_sensor": [
          -6.67155122756958,
          1.172727346420288,
          -8.227843284606934
        ],
        "agent_0_ee_pos": [
          0.6306371688842773,
          -0.2504453659057617,
          0.9976769685745239
        ],
        "agent_0_has_finished_oracle_nav": [
          0.0
        ],
        "agent_0_localization_sensor": [
          -6.290106296539307,
          0.17505034804344177,
          -7.666661739349365,
          2.5458104610443115
        ],
        "agent_0_obj_pos": [
          -7.497109889984131,
          0.939050018787384,
          -8.032190322875977
        ],
        "agent_0_robot_trans_martix": [
          [
            -0.8277096748352051,
            -0.5611563324928284,
            -2.4528922892841365e-08,
            -6.290106296539307
          ],
          [
            0.0,
            -4.371138828673793e-08,
            1.0,
            0.17505034804344177
          ],
          [
            -0.5611562728881836,
            0.8277097344398499,
            3.618034227770295e-08,
            -7.666661739349365
          ],
          [
            0.0,
            0.0,
            0.0,
            1.0
          ]
        ],
        "agent_0_target_pos": [
          -4.317590236663818,
          0.5727099776268005,
          -3.076509952545166
        ],
        "agent_1_camera_extrinsic": [
          [
            0.9138334393501282,
            -0.15081796050071716,
            0.37704482674598694,
            -5.726373195648193
          ],
          [
            0.0,
            0.9284766316413879,
            0.3713907301425934,
            1.37505042552948
          ],
          [
            -0.406089723110199,
            -0.33938926458358765,
            0.8484730124473572,
            -8.756235122680664
          ],
          [
            0.0,
            0.0,
            0.0,
            1.0
          ]
        ],
        "agent_1_ee_global_pos_sensor": [
          -5.60540246963501,
          1.2044669389724731,
          -9.23123836517334
        ],
        "agent_1_ee_pos": [
          0.6349496841430664,
          -0.3034406900405884,
          1.0294166803359985
        ],
        "agent_1_has_finished_oracle_nav": [
          0.0
        ],
        "agent_1_localization_sensor": [
          -5.624850749969482,
          0.17505034804344177,
          -8.527776718139648,
          1.9889671802520752
        ],
        "agent_1_obj_pos": [
          -7.300650119781494,
          0.9310200214385986,
          -7.315299987792969
        ],
        "agent_1_robot_trans_martix": [
          [
            -0.4060896933078766,
            -0.9138334393501282,
            -3.9944929142166075e-08,
            -5.624850749969482
          ],
          [
            0.0,
            -4.371138828673793e-08,
            1.0,
            0.17505034804344177
          ],
          [
            -0.9138333797454834,
            0.406089723110199,
            1.7750744873978874e-08,
            -8.527776718139648
          ],
          [
            0.0,
            0.0,
            0.0,
            1.0
          ]
        ],
        "agent_1_target_pos": [
          -3.9347000122070312,
          0.5756000280380249,
          -2.902820110321045
        ]
      }
    },
    {
      "step": "4",
      "data": {
        "agent_0_camera_extrinsic": [
          [
            0.5611563920974731,
            -0.3074037432670593,
            0.7685092091560364,
            -6.566009521484375
          ],
          [
            0.0,
            0.9284766316413879,
            0.3713907301425934,
            1.37505042552948
          ],
          [
            -0.8277097940444946,
            -0.20840828120708466,
            0.5210205912590027,
            -7.8537139892578125
          ],
          [
            0.0,
            0.0,
            0.0,
            1.0
          ]
        ],
        "agent_0_ee_global_pos_sensor": [
          -6.740527153015137,
          1.172727346420288,
          -8.274606704711914
        ],
        "agent_0_ee_pos": [
          0.6306371688842773,
          -0.2504451274871826,
          0.9976769089698792
        ],
        "agent_0_has_finished_oracle_nav": [
          0.0
        ],
        "agent_0_localization_sensor": [
          -6.359082221984863,
          0.17505034804344177,
          -7.7134246826171875,
          2.5458104610443115
        ],
        "agent_0_obj_pos": [
          -7.497109889984131,
          0.939050018787384,
          -8.032190322875977
        ],
        "agent_0_robot_trans_martix": [
          [
            -0.8277097344398499,
            -0.5611563920974731,
            -2.4528924669198204e-08,
            -6.359082221984863
          ],
          [
            0.0,
            -4.371138828673793e-08,
            1.0,
            0.17505034804344177
          ],
          [
            -0.5611563324928284,
            0.8277097940444946,
            3.618034583041663e-08,
            -7.7134246826171875
          ],
          [
            0.0,
            0.0,
            0.0,
            1.0
          ]
        ],
        "agent_0_target_pos": [
          -4.317590236663818,
          0.5727099776268005,
          -3.076509952545166
        ],
        "agent_1_camera_extrinsic": [
          [
            0.8768599033355713,
            -0.17854461073875427,
            0.4463614225387573,
            -5.745037078857422
          ],
          [
            0.0,
            0.9284766316413879,
            0.3713907301425934,
            1.37505042552948
          ],
          [
            -0.48074600100517273,
            -0.3256576359272003,
            0.81414395570755,
            -8.746992111206055
          ],
          [
            0.0,
            0.0,
            0.0,
            1.0
          ]
        ],
        "agent_1_ee_global_pos_sensor": [
          -5.6640238761901855,
          1.2044670581817627,
          -9.230415344238281
        ],
        "agent_1_ee_pos": [
          0.6349477767944336,
          -0.3034411072731018,
          1.0294166803359985
        ],
        "agent_1_has_finished_oracle_nav": [
          0.0
        ],
        "agent_1_localization_sensor": [
          -5.624850749969482,
          0.17505034804344177,
          -8.527776718139648,
          2.0723016262054443
        ],
        "agent_1_obj_pos": [
          -7.300650119781494,
          0.9310200214385986,
          -7.315299987792969
        ],
        "agent_1_robot_trans_martix": [
          [
            -0.48074597120285034,
            -0.8768599033355713,
            -3.832876416254294e-08,
            -5.624850749969482
          ],
          [
            0.0,
            -4.371138828673793e-08,
            1.0,
            0.17505034804344177
          ],
          [
            -0.8768598437309265,
            0.48074600100517273,
            2.101407581278636e-08,
            -8.527776718139648
          ],
          [
            0.0,
            0.0,
            0.0,
            1.0
          ]
        ],
        "agent_1_target_pos": [
          -3.9347000122070312,
          0.5756000280380249,
          -2.902820110321045
        ]
      }
    },
    {
      "step": "5",
      "data": {
        "agent_0_camera_extrinsic": [
          [
            0.5611563920974731,
            -0.3074037432670593,
            0.7685092091560364,
            -6.634985446929932
          ],
          [
            0.0,
            0.9284766316413879,
            0.3713907301425934,
            1.37505042552948
          ],
          [
            -0.8277097940444946,
            -0.20840828120708466,
            0.5210205912590027,
            -7.900476932525635
          ],
          [
            0.0,
            0.0,
            0.0,
            1.0
          ]
        ],
        "agent_0_ee_global_pos_sensor": [
          -6.809503078460693,
          1.172727346420288,
          -8.321369171142578
        ],
        "agent_0_ee_pos": [
          0.6306371688842773,
          -0.2504448890686035,
          0.9976768493652344
        ],
        "agent_0_has_finished_oracle_nav": [
          0.0
        ],
        "agent_0_localization_sensor": [
          -6.42805814743042,
          0.17505034804344177,
          -7.76018762588501,
          2.5458104610443115
        ],
        "agent_0_obj_pos": [
          -7.497109889984131,
          0.939050018787384,
          -8.032190322875977
        ],
        "agent_0_robot_trans_martix": [
          [
            -0.8277097344398499,
            -0.5611563920974731,
            -2.4528924669198204e-08,
            -6.42805814743042
          ],
          [
            0.0,
            -4.371138828673793e-08,
            1.0,
            0.17505034804344177
          ],
          [
            -0.5611563324928284,
            0.8277097940444946,
            3.618034583041663e-08,
            -7.76018762588501
          ],
          [
            0.0,
            0.0,
            0.0,
            1.0
          ]
        ],
        "agent_0_target_pos": [
          -4.317590236663818,
          0.5727099776268005,
          -3.076509952545166
        ],
        "agent_1_camera_extrinsic": [
          [
            0.8338013291358948,
            -0.20503172278404236,
            0.5125792026519775,
            -5.762866973876953
          ],
          [
            0.0,
            0.9284766316413879,
            0.3713907301425934,
            1.37505042552948
          ],
          [
            -0.5520647168159485,
            -0.30966609716415405,
            0.7741650342941284,
            -8.736227035522461
          ],
          [
            0.0,
            0.0,
            0.0,
            1.0
          ]
        ],
        "agent_1_ee_global_pos_sensor": [
          -5.722373962402344,
          1.2044665813446045,
          -9.224717140197754
        ],
        "agent_1_ee_pos": [
          0.63494873046875,
          -0.30344104766845703,
          1.0294162034988403
        ],
        "agent_1_has_finished_oracle_nav": [
          0.0
        ],
        "agent_1_localization_sensor": [
          -5.624850749969482,
          0.17505034804344177,
          -8.527776718139648,
          2.155634641647339
        ],
        "agent_1_obj_pos": [
          -7.300650119781494,
          0.9310200214385986,
          -7.315299987792969
        ],
        "agent_1_robot_trans_martix": [
          [
            -0.5520646572113037,
            -0.8338013291358948,
            -3.644661461521537e-08,
            -5.624850749969482
          ],
          [
            0.0,
            -4.371138828673793e-08,
            1.0,
            0.17505034804344177
          ],
          [
            -0.83380126953125,
            0.5520647168159485,
            2.41315145643739e-08,
            -8.527776718139648
          ],
          [
            0.0,
            0.0,
            0.0,
            1.0
          ]
        ],
        "agent_1_target_pos": [
          -3.9347000122070312,
          0.5756000280380249,
          -2.902820110321045
        ]
      }
    },
    {
      "step": "6",
      "data": {
        "agent_0_camera_extrinsic": [
          [
            0.5611563920974731,
            -0.3074037432670593,
            0.7685092091560364,
            -6.703961372375488
          ],
          [
            0.0,
            0.9284766316413879,
            0.3713907301425934,
            1.37505042552948
          ],
          [
            -0.8277097940444946,
            -0.20840828120708466,
            0.5210205912590027,
            -7.947239875793457
          ],
          [
            0.0,
            0.0,
            0.0,
            1.0
          ]
        ],
        "agent_0_ee_global_pos_sensor": [
          -6.87847900390625,
          1.172727346420288,
          -8.368132591247559
        ],
        "agent_0_ee_pos": [
          0.6306362152099609,
          -0.2504458427429199,
          0.9976768493652344
        ],
        "agent_0_has_finished_oracle_nav": [
          0.0
        ],
        "agent_0_localization_sensor": [
          -6.497034072875977,
          0.17505034804344177,
          -7.806950569152832,
          2.5458104610443115
        ],
        "agent_0_obj_pos": [
          -7.497109889984131,
          0.939050018787384,
          -8.032190322875977
        ],
        "agent_0_robot_trans_martix": [
          [
            -0.8277097344398499,
            -0.5611563920974731,
            -2.4528924669198204e-08,
            -6.497034072875977
          ],
          [
            0.0,
            -4.371138828673793e-08,
            1.0,
            0.17505034804344177
          ],
          [
            -0.5611563324928284,
            0.8277097940444946,
            3.618034583041663e-08,
            -7.806950569152832
          ],
          [
            0.0,
            0.0,
            0.0,
            1.0
          ]
        ],
        "agent_0_target_pos": [
          -4.317590236663818,
          0.5727099776268005,
          -3.076509952545166
        ],
        "agent_1_camera_extrinsic": [
          [
            0.7849558591842651,
            -0.23009584844112396,
            0.5752395391464233,
            -5.779738903045654
          ],
          [
            0.0,
            0.9284766316413879,
            0.3713907301425934,
            1.37505042552948
          ],
          [
            -0.619551956653595,
            -0.29152533411979675,
            0.7288131713867188,
            -8.724015235900879
          ],
          [
            0.0,
            0.0,
            0.0,
            1.0
          ]
        ],
        "agent_1_ee_global_pos_sensor": [
          -5.780046463012695,
          1.204466700553894,
          -9.214180946350098
        ],
        "agent_1_ee_pos": [
          0.6349496841430664,
          -0.30344170331954956,
          1.0294163227081299
        ],
        "agent_1_has_finished_oracle_nav": [
          0.0
        ],
        "agent_1_localization_sensor": [
          -5.624850749969482,
          0.17505034804344177,
          -8.527776718139648,
          2.2389678955078125
        ],
        "agent_1_obj_pos": [
          -7.300650119781494,
          0.9310200214385986,
          -7.315299987792969
        ],
        "agent_1_robot_trans_martix": [
          [
            -0.6195518970489502,
            -0.7849558591842651,
            -3.43115118539572e-08,
            -5.624850749969482
          ],
          [
            0.0,
            -4.371138828673793e-08,
            1.0,
            0.17505034804344177
          ],
          [
            -0.7849557995796204,
            0.619551956653595,
            2.708147661678595e-08,
            -8.527776718139648
          ],
          [
            0.0,
            0.0,
            0.0,
            1.0
          ]
        ],
        "agent_1_target_pos": [
          -3.9347000122070312,
          0.5756000280380249,
          -2.902820110321045
        ]
      }
    },
    {
      "step": "7",
      "data": {
        "agent_0_camera_extrinsic": [
          [
            0.6281052827835083,
            -0.2889898717403412,
            0.7224745154380798,
            -6.691566467285156
          ],
          [
            0.0,
            0.9284766316413879,
            0.3713907301425934,
            1.37505042552948
          ],
          [
            -0.7781289219856262,
            -0.2332724779844284,
            0.5831810832023621,
            -7.963976860046387
          ],
          [
            0.0,
            0.0,
            0.0,
            1.0
          ]
        ],
        "agent_0_ee_global_pos_sensor": [
          -6.830444812774658,
          1.1727274656295776,
          -8.397934913635254
        ],
        "agent_0_ee_pos": [
          0.6306362152099609,
          -0.2504448890686035,
          0.997677206993103
        ],
        "agent_0_has_finished_oracle_nav": [
          0.0
        ],
        "agent_0_localization_sensor": [
          -6.497034072875977,
          0.17505034804344177,
          -7.806950569152832,
          2.462477207183838
        ],
        "agent_0_obj_pos": [
          -7.497109889984131,
          0.939050018787384,
          -8.032190322875977
        ],
        "agent_0_robot_trans_martix": [
          [
            -0.7781288623809814,
            -0.6281052827835083,
            -2.7455353546201877e-08,
            -6.497034072875977
          ],
          [
            0.0,
            -4.371138828673793e-08,
            1.0,
            0.17505034804344177
          ],
          [
            -0.6281052231788635,
            0.7781289219856262,
            3.4013094563078994e-08,
            -7.806950569152832
          ],
          [
            0.0,
            0.0,
            0.0,
            1.0
          ]
        ],
        "agent_0_target_pos": [
          -4.317590236663818,
          0.5727099776268005,
          -3.076509952545166
        ],
        "agent_1_camera_extrinsic": [
          [
            0.7306620478630066,
            -0.2535629868507385,
            0.6339073181152344,
            -5.795535564422607
          ],
          [
            0.0,
            0.9284766316413879,
            0.3713907301425934,
            1.37505042552948
          ],
          [
            -0.6827391386032104,
            -0.2713611125946045,
            0.6784026622772217,
            -8.710442543029785
          ],
          [
            0.0,
            0.0,
            0.0,
            1.0
          ]
        ],
        "agent_1_ee_global_pos_sensor": [
          -5.836641788482666,
          1.204466700553894,
          -9.19887924194336
        ],
        "agent_1_ee_pos": [
          0.6349477767944336,
          -0.3034400939941406,
          1.0294164419174194
        ],
        "agent_1_has_finished_oracle_nav": [
          0.0
        ],
        "agent_1_localization_sensor": [
          -5.624850749969482,
          0.17505034804344177,
          -8.527776718139648,
          2.3223013877868652
        ],
        "agent_1_obj_pos": [
          -7.300650119781494,
          0.9310200214385986,
          -7.315299987792969
        ],
        "agent_1_robot_trans_martix": [
          [
            -0.6827390789985657,
            -0.7306620478630066,
            -3.193825293124064e-08,
            -5.624850749969482
          ],
          [
            0.0,
            -4.371138828673793e-08,
            1.0,
            0.17505034804344177
          ],
          [
            -0.7306619882583618,
            0.6827391386032104,
            2.984347702295054e-08,
            -8.527776718139648
          ],
          [
            0.0,
            0.0,
            0.0,
            1.0
          ]
        ],
        "agent_1_target_pos": [
          -3.9347000122070312,
          0.5756000280380249,
          -2.902820110321045
        ]
      }
    },
    {
      "step": "8",
      "data": {
        "agent_0_camera_extrinsic": [
          [
            0.6281049251556396,
            -0.2889898419380188,
            0.7224744558334351,
            -6.756410598754883
          ],
          [
            0.0,
            0.9284766316413879,
            0.3713907301425934,
            1.37505042552948
          ],
          [
            -0.7781288623809814,
            -0.23327234387397766,
            0.5831807255744934,
            -8.016318321228027
          ],
          [
            0.0,
            0.0,
            0.0,
            1.0
          ]
        ],
        "agent_0_ee_global_pos_sensor": [
          -6.895288944244385,
          1.172727346420288,
          -8.450276374816895
        ],
        "agent_0_ee_pos": [
          0.6306362152099609,
          -0.2504448890686035,
          0.9976770877838135
        ],
        "agent_0_has_finished_oracle_nav": [
          0.0
        ],
        "agent_0_localization_sensor": [
          -6.561878204345703,
          0.17505034804344177,
          -7.859292507171631,
          2.462477445602417
        ],
        "agent_0_obj_pos": [
          -7.497109889984131,
          0.939050018787384,
          -8.032190322875977
        ],
        "agent_0_robot_trans_martix": [
          [
            -0.7781288027763367,
            -0.6281049251556396,
            -2.7455337558990323e-08,
            -6.561878204345703
          ],
          [
            0.0,
            -4.371138828673793e-08,
            1.0,
            0.17505034804344177
          ],
          [
            -0.6281048655509949,
            0.7781288623809814,
            3.4013094563078994e-08,
            -7.859292507171631
          ],
          [
            0.0,
            0.0,
            0.0,
            1.0
          ]
        ],
        "agent_0_target_pos": [
          -4.317590236663818,
          0.5727099776268005,
          -3.076509952545166
        ],
        "agent_1_camera_extrinsic": [
          [
            0.6712976098060608,
            -0.27527037262916565,
            0.6881757974624634,
            -5.810147762298584
          ],
          [
            0.0,
            0.9284766316413879,
            0.3713907301425934,
            1.37505042552948
          ],
          [
            -0.7411880493164062,
            -0.24931371212005615,
            0.6232841610908508,
            -8.695601463317871
          ],
          [
            0.0,
            0.0,
            0.0,
            1.0
          ]
        ],
        "agent_1_ee_global_pos_sensor": [
          -5.891768455505371,
          1.204466700553894,
          -9.178922653198242
        ],
        "agent_1_ee_pos": [
          0.63494873046875,
          -0.3034400939941406,
          1.0294163227081299
        ],
        "agent_1_has_finished_oracle_nav": [
          0.0
        ],
        "agent_1_localization_sensor": [
          -5.624850749969482,
          0.17505034804344177,
          -8.527776718139648,
          2.405634641647339
        ],
        "agent_1_obj_pos": [
          -7.300650119781494,
          0.9310200214385986,
          -7.315299987792969
        ],
        "agent_1_robot_trans_martix": [
          [
            -0.7411879897117615,
            -0.6712976098060608,
            -2.9343350860244755e-08,
            -5.624850749969482
          ],
          [
            0.0,
            -4.371138828673793e-08,
            1.0,
            0.17505034804344177
          ],
          [
            -0.671297550201416,
            0.7411880493164062,
            3.2398357774354736e-08,
            -8.527776718139648
          ],
          [
            0.0,
            0.0,
            0.0,
            1.0
          ]
        ],
        "agent_1_target_pos": [
          -3.9347000122070312,
          0.5756000280380249,
          -2.902820110321045
        ]
      }
    },
    {
      "step": "9",
      "data": {
        "agent_0_camera_extrinsic": [
          [
            0.6281046867370605,
            -0.2889898121356964,
            0.7224743366241455,
            -6.821254730224609
          ],
          [
            0.0,
            0.9284766316413879,
            0.3713907301425934,
            1.37505042552948
          ],
          [
            -0.7781287431716919,
            -0.2332722544670105,
            0.5831805467605591,
            -8.068660736083984
          ],
          [
            0.0,
            0.0,
            0.0,
            1.0
          ]
        ],
        "agent_0_ee_global_pos_sensor": [
          -6.960133075714111,
          1.172727346420288,
          -8.502618789672852
        ],
        "agent_0_ee_pos": [
          0.6306352615356445,
          -0.2504448890686035,
          0.9976770877838135
        ],
        "agent_0_has_finished_oracle_nav": [
          0.0
        ],
        "agent_0_localization_sensor": [
          -6.62672233581543,
          0.17505034804344177,
          -7.91163444519043,
          2.462477445602417
        ],
        "agent_0_obj_pos": [
          -7.497109889984131,
          0.939050018787384,
          -8.032190322875977
        ],
        "agent_0_robot_trans_martix": [
          [
            -0.7781286835670471,
            -0.6281046867370605,
            -2.7455328677206126e-08,
            -6.62672233581543
          ],
          [
            0.0,
            -4.371138828673793e-08,
            1.0,
            0.17505034804344177
          ],
          [
            -0.6281046271324158,
            0.7781287431716919,
            3.4013087457651636e-08,
            -7.91163444519043
          ],
          [
            0.0,
            0.0,
            0.0,
            1.0
          ]
        ],
        "agent_0_target_pos": [
          -4.317590236663818,
          0.5727099776268005,
          -3.076509952545166
        ],
        "agent_1_camera_extrinsic": [
          [
            0.6072739362716675,
            -0.29506731033325195,
            0.7376680970191956,
            -5.823473930358887
          ],
          [
            0.0,
            0.9284766316413879,
            0.3713907301425934,
            1.37505042552948
          ],
          [
            -0.7944929003715515,
            -0.22553591430187225,
            0.5638396739959717,
            -8.679594993591309
          ],
          [
            0.0,
            0.0,
            0.0,
            1.0
          ]
        ],
        "agent_1_ee_global_pos_sensor": [
          -5.945041179656982,
          1.2044668197631836,
          -9.15444564819336
        ],
        "agent_1_ee_pos": [
          0.6349496841430664,
          -0.30344057083129883,
          1.0294163227081299
        ],
        "agent_1_has_finished_oracle_nav": [
          0.0
        ],
        "agent_1_localization_sensor": [
          -5.624850749969482,
          0.17505034804344177,
          -8.527776718139648,
          2.4889678955078125
        ],
        "agent_1_obj_pos": [
          -7.300650119781494,
          0.9310200214385986,
          -7.315299987792969
        ],
        "agent_1_robot_trans_martix": [
          [
            -0.7944928407669067,
            -0.6072739362716675,
            -2.654478770125479e-08,
            -5.624850749969482
          ],
          [
            0.0,
            -4.371138828673793e-08,
            1.0,
            0.17505034804344177
          ],
          [
            -0.6072738766670227,
            0.7944929003715515,
            3.472838727702765e-08,
            -8.527776718139648
          ],
          [
            0.0,
            0.0,
            0.0,
            1.0
          ]
        ],
        "agent_1_target_pos": [
          -3.9347000122070312,
          0.5756000280380249,
          -2.902820110321045
        ]
      }
    },
    {
      "step": "10",
      "data": {
        "agent_0_camera_extrinsic": [
          [
            0.6281047463417053,
            -0.2889898419380188,
            0.7224744558334351,
            -6.886098861694336
          ],
          [
            0.0,
            0.9284766316413879,
            0.3713907301425934,
            1.37505042552948
          ],
          [
            -0.7781288623809814,
            -0.23327228426933289,
            0.5831806063652039,
            -8.121002197265625
          ],
          [
            0.0,
            0.0,
            0.0,
            1.0
          ]
        ],
        "agent_0_ee_global_pos_sensor": [
          -7.024977207183838,
          1.172727346420288,
          -8.554960250854492
        ],
        "agent_0_ee_pos": [
          0.6306362152099609,
          -0.2504444122314453,
          0.9976770877838135
        ],
        "agent_0_has_finished_oracle_nav": [
          0.0
        ],
        "agent_0_localization_sensor": [
          -6.691566467285156,
          0.17505034804344177,
          -7.9639763832092285,
          2.462477684020996
        ],
        "agent_0_obj_pos": [
          -7.497109889984131,
          0.939050018787384,
          -8.032190322875977
        ],
        "agent_0_robot_trans_martix": [
          [
            -0.7781288027763367,
            -0.6281047463417053,
            -2.7455330453562965e-08,
            -6.691566467285156
          ],
          [
            0.0,
            -4.371138828673793e-08,
            1.0,
            0.17505034804344177
          ],
          [
            -0.6281046867370605,
            0.7781288623809814,
            3.4013094563078994e-08,
            -7.9639763832092285
          ],
          [
            0.0,
            0.0,
            0.0,
            1.0
          ]
        ],
        "agent_0_target_pos": [
          -4.317590236663818,
          0.5727099776268005,
          -3.076509952545166
        ],
        "agent_1_camera_extrinsic": [
          [
            0.5390352010726929,
            -0.31281623244285583,
            0.7820404171943665,
            -5.835421562194824
          ],
          [
            0.0,
            0.9284766316413879,
            0.3713907301425934,
            1.37505042552948
          ],
          [
            -0.8422833681106567,
            -0.2001926749944687,
            0.5004816055297852,
            -8.662535667419434
          ],
          [
            0.0,
            0.0,
            0.0,
            1.0
          ]
        ],
        "agent_1_ee_global_pos_sensor": [
          -5.996090888977051,
          1.2044665813446045,
          -9.125618934631348
        ],
        "agent_1_ee_pos": [
          0.6349477767944336,
          -0.30344057083129883,
          1.0294162034988403
        ],
        "agent_1_has_finished_oracle_nav": [
          0.0
        ],
        "agent_1_localization_sensor": [
          -5.624850749969482,
          0.17505034804344177,
          -8.527776718139648,
          2.5723016262054443
        ],
        "agent_1_obj_pos": [
          -7.300650119781494,
          0.9310200214385986,
          -7.315299987792969
        ],
        "agent_1_robot_trans_martix": [
          [
            -0.842283308506012,
            -0.5390352010726929,
            -2.3561977258168554e-08,
            -5.624850749969482
          ],
          [
            0.0,
            -4.371138828673793e-08,
            1.0,
            0.17505034804344177
          ],
          [
            -0.5390351414680481,
            0.8422833681106567,
            3.681737581473499e-08,
            -8.527776718139648
          ],
          [
            0.0,
            0.0,
            0.0,
            1.0
          ]
        ],
        "agent_1_target_pos": [
          -3.9347000122070312,
          0.5756000280380249,
          -2.902820110321045
        ]
      }
    },
    {
      "step": "11",
      "data": {
        "agent_0_camera_extrinsic": [
          [
            0.5611560344696045,
            -0.3074038326740265,
            0.7685094475746155,
            -6.898493766784668
          ],
          [
            0.0,
            0.9284766316413879,
            0.3713907301425934,
            1.37505042552948
          ],
          [
            -0.8277100324630737,
            -0.2084081470966339,
            0.5210202932357788,
            -8.104265213012695
          ],
          [
            0.0,
            0.0,
            0.0,
            1.0
          ]
        ],
