{
  "entities": [
    {
      "step": "0",
      "data": {
        "agent_0_camera_extrinsic": [
          [
            0.4160661995410919,
            -4.4703469370688254e-08,
            -0.9093340635299683,
            -4.340631008148193
          ],
          [
            -0.3377183675765991,
            0.9284765124320984,
            -0.15452317893505096,
            -4.647991180419922
          ],
          [
            0.8442955613136292,
            0.37139075994491577,
            0.38630780577659607,
            7.917537689208984
          ],
          [
            -0.0,
            0.0,
            -0.0,
            1.0
          ]
        ],
        "agent_0_ee_global_pos_sensor": [
          -6.69038724899292,
          1.172727346420288,
          -8.110023498535156
        ],
        "agent_0_ee_pos": [
          0.6306352615356445,
          -0.2504448890686035,
          0.9976769685745239
        ],
        "agent_0_has_finished_oracle_nav": [
          0.0
        ],
        "agent_0_localization_sensor": [
          -6.22113037109375,
          0.17505034804344177,
          -7.619898796081543,
          2.712477445602417
        ],
        "agent_0_obj_pos": [
          -7.30063009262085,
          0.9264600276947021,
          -7.263229846954346
        ],
        "agent_0_robot_trans_martix": [
          [
            -0.9093342423439026,
            -0.4160664677619934,
            -1.8186842254408475e-08,
            -6.22113037109375
          ],
          [
            0.0,
            -4.371138828673793e-08,
            1.0,
            0.17505034804344177
          ],
          [
            -0.416066437959671,
            0.9093343019485474,
            3.9748265123762394e-08,
            -7.619898796081543
          ],
          [
            0.0,
            0.0,
            0.0,
            1.0
          ]
        ],
        "agent_0_target_pos": [
          -4.157390117645264,
          0.6589400172233582,
          -2.7085299491882324
        ],
        "agent_1_camera_extrinsic": [
          [
            0.9858928322792053,
            3.725291630729544e-09,
            -0.16737820208072662,
            4.118135929107666
          ],
          [
            -0.06216270476579666,
            0.9284766316413879,
            -0.3661514222621918,
            -4.841663360595703
          ],
          [
            0.15540677309036255,
            0.37139075994491577,
            0.9153786301612854,
            8.40172290802002
          ],
          [
            -0.0,
            -0.0,
            -0.0,
            0.9999999403953552
          ]
        ],
        "agent_1_ee_global_pos_sensor": [
          -5.431966781616211,
          1.2044665813446045,
          -9.204556465148926
        ],
        "agent_1_ee_pos": [
          0.6349477767944336,
          -0.30344152450561523,
          1.0294162034988403
        ],
        "agent_1_has_finished_oracle_nav": [
          0.0
        ],
        "agent_1_localization_sensor": [
          -5.624850749969482,
          0.17505034804344177,
          -8.527776718139648,
          1.7389661073684692
        ],
        "agent_1_obj_pos": [
          -6.193659782409668,
          1.016700029373169,
          -5.845560073852539
        ],
        "agent_1_robot_trans_martix": [
          [
            -0.16737817227840424,
            -0.985892653465271,
            -4.309473666808117e-08,
            -5.624850749969482
          ],
          [
            0.0,
            -4.371138828673793e-08,
            1.0,
            0.17505034804344177
          ],
          [
            -0.9858925938606262,
            0.16737818717956543,
            7.316332872875364e-09,
            -8.527776718139648
          ],
          [
            0.0,
            0.0,
            0.0,
            1.0
          ]
        ],
        "agent_1_target_pos": [
          -4.49429988861084,
          0.567579984664917,
          -2.7136199474334717
        ]
      }
    },
    {
      "step": "0",
      "data": {
        "agent_0_camera_extrinsic": [
          [
            0.4160661995410919,
            -4.4703469370688254e-08,
            -0.9093340635299683,
            -4.340631008148193
          ],
          [
            -0.3377183675765991,
            0.9284765124320984,
            -0.15452317893505096,
            -4.647991180419922
          ],
          [
            0.8442955613136292,
            0.37139075994491577,
            0.38630780577659607,
            7.917537689208984
          ],
          [
            -0.0,
            0.0,
            -0.0,
            1.0
          ]
        ],
        "agent_0_ee_global_pos_sensor": [
          -6.69038724899292,
          1.172727346420288,
          -8.110023498535156
        ],
        "agent_0_ee_pos": [
          0.6306352615356445,
          -0.2504448890686035,
          0.9976769685745239
        ],
        "agent_0_has_finished_oracle_nav": [
          0.0
        ],
        "agent_0_localization_sensor": [
          -6.22113037109375,
          0.17505034804344177,
          -7.619898796081543,
          2.712477445602417
        ],
        "agent_0_obj_pos": [
          -7.30063009262085,
          0.9264600276947021,
          -7.263229846954346
        ],
        "agent_0_robot_trans_martix": [
          [
            -0.9093342423439026,
            -0.4160664677619934,
            -1.8186842254408475e-08,
            -6.22113037109375
          ],
          [
            0.0,
            -4.371138828673793e-08,
            1.0,
            0.17505034804344177
          ],
          [
            -0.416066437959671,
            0.9093343019485474,
            3.9748265123762394e-08,
            -7.619898796081543
          ],
          [
            0.0,
            0.0,
            0.0,
            1.0
          ]
        ],
        "agent_0_target_pos": [
          -4.157390117645264,
          0.6589400172233582,
          -2.7085299491882324
        ],
        "agent_1_camera_extrinsic": [
          [
            0.9858928322792053,
            3.725291630729544e-09,
            -0.16737820208072662,
            4.118135929107666
          ],
          [
            -0.06216270476579666,
            0.9284766316413879,
            -0.3661514222621918,
            -4.841663360595703
          ],
          [
            0.15540677309036255,
            0.37139075994491577,
            0.9153786301612854,
            8.40172290802002
          ],
          [
            -0.0,
            -0.0,
            -0.0,
            0.9999999403953552
          ]
        ],
        "agent_1_ee_global_pos_sensor": [
          -5.431966781616211,
          1.2044665813446045,
          -9.204556465148926
        ],
        "agent_1_ee_pos": [
          0.6349477767944336,
          -0.30344152450561523,
          1.0294162034988403
        ],
        "agent_1_has_finished_oracle_nav": [
          0.0
        ],
        "agent_1_localization_sensor": [
          -5.624850749969482,
          0.17505034804344177,
          -8.527776718139648,
          1.7389661073684692
        ],
        "agent_1_obj_pos": [
          -6.193659782409668,
          1.016700029373169,
          -5.845560073852539
        ],
        "agent_1_robot_trans_martix": [
          [
            -0.16737817227840424,
            -0.985892653465271,
            -4.309473666808117e-08,
            -5.624850749969482
          ],
          [
            0.0,
            -4.371138828673793e-08,
            1.0,
            0.17505034804344177
          ],
          [
            -0.9858925938606262,
            0.16737818717956543,
            7.316332872875364e-09,
            -8.527776718139648
          ],
          [
            0.0,
            0.0,
            0.0,
            1.0
          ]
        ],
        "agent_1_target_pos": [
          -4.49429988861084,
          0.567579984664917,
          -2.7136199474334717
        ]
      }
    }
  ]
}