{
  "entities": [
    {
      "step": "0",
      "data": {
        "agent_0_camera_extrinsic": [
          [
            0.4160664677619934,
            -0.33771833777427673,
            0.8442956209182739,
            -6.4484639167785645
          ],
          [
            0.0,
            0.9284766316413879,
            0.3713907301425934,
            1.37505042552948
          ],
          [
            -0.9093343019485474,
            -0.15452322363853455,
            0.3863079845905304,
            -7.7239155769348145
          ],
          [
            0.0,
            0.0,
            0.0,
            1.0
          ]
        ],
        "agent_0_ee_global_pos_sensor": [
          -6.69038724899292,
          1.172727346420288,
          -8.110023498535156
        ],
        "agent_0_ee_pos": [
          0.6306352615356445,
          -0.2504448890686035,
          0.9976769685745239
        ],
        "agent_0_has_finished_oracle_nav": [
          0.0
        ],
        "agent_0_localization_sensor": [
          -6.22113037109375,
          0.17505034804344177,
          -7.619898796081543,
          2.712477445602417
        ],
        "agent_0_obj_pos": [
          -5.1061201095581055,
          1.4919400215148926,
          -1.3366199731826782
        ],
        "agent_0_robot_trans_martix": [
          [
            -0.9093342423439026,
            -0.4160664677619934,
            -1.8186842254408475e-08,
            -6.22113037109375
          ],
          [
            0.0,
            -4.371138828673793e-08,
            1.0,
            0.17505034804344177
          ],
          [
            -0.416066437959671,
            0.9093343019485474,
            3.9748265123762394e-08,
            -7.619898796081543
          ],
          [
            0.0,
            0.0,
            0.0,
            1.0
          ]
        ],
        "agent_0_target_pos": [
          -3.661760091781616,
          0.5725299715995789,
          -3.150130033493042
        ],
        "agent_1_camera_extrinsic": [
          [
            0.985892653465271,
            -0.06216270849108696,
            0.15540672838687897,
            -5.6666951179504395
          ],
          [
            0.0,
            0.9284766316413879,
            0.3713907301425934,
            1.37505042552948
          ],
          [
            -0.16737818717956543,
            -0.3661513924598694,
            0.9153782725334167,
            -8.774250030517578
          ],
          [
            0.0,
            0.0,
            0.0,
            1.0
          ]
        ],
        "agent_1_ee_global_pos_sensor": [
          -5.431966781616211,
          1.2044665813446045,
          -9.204556465148926
        ],
        "agent_1_ee_pos": [
          0.6349477767944336,
          -0.30344152450561523,
          1.0294162034988403
        ],
        "agent_1_has_finished_oracle_nav": [
          0.0
        ],
        "agent_1_localization_sensor": [
          -5.624850749969482,
          0.17505034804344177,
          -8.527776718139648,
          1.7389661073684692
        ],
        "agent_1_obj_pos": [
          -5.473549842834473,
          1.4876099824905396,
          -1.6164599657058716
        ],
        "agent_1_robot_trans_martix": [
          [
            -0.16737817227840424,
            -0.985892653465271,
            -4.309473666808117e-08,
            -5.624850749969482
          ],
          [
            0.0,
            -4.371138828673793e-08,
            1.0,
            0.17505034804344177
          ],
          [
            -0.9858925938606262,
            0.16737818717956543,
            7.316332872875364e-09,
            -8.527776718139648
          ],
          [
            0.0,
            0.0,
            0.0,
            1.0
          ]
        ],
        "agent_1_target_pos": [
          -4.489950180053711,
          0.5772799849510193,
          -3.1177899837493896
        ]
      }
    }
  ]
}