{
  "entities": [
    {
      "step": "1",
      "data": {
        "agent_0_camera_extrinsic": [
          [
            0.33893224596977234,
            -4.470347292340193e-08,
            -0.9408105611801147,
            -5.060338973999023
          ],
          [
            -0.34940844774246216,
            0.9284766912460327,
            -0.12587633728981018,
            -4.502430438995361
          ],
          [
            0.8735208511352539,
            0.37139075994491577,
            0.31469064950942993,
            7.553636074066162
          ],
          [
            -0.0,
            0.0,
            -0.0,
            1.0
          ]
        ],
        "agent_0_ee_global_pos_sensor": [
          -6.729555606842041,
          1.1727275848388672,
          -8.069262504577637
        ],
        "agent_0_ee_pos": [
          0.6306352615356445,
          -0.2504453659057617,
          0.997677206993103
        ],
        "agent_0_has_finished_oracle_nav": [
          0.0
        ],
        "agent_0_localization_sensor": [
          -6.22113037109375,
          0.17505034804344177,
          -7.619898796081543,
          2.7958106994628906
        ],
        "agent_0_obj_pos": [
          -7.30063009262085,
          0.9264600276947021,
          -7.263229846954346
        ],
        "agent_0_robot_trans_martix": [
          [
            -0.9408108592033386,
            -0.33893245458602905,
            -1.4815207727281177e-08,
            -6.22113037109375
          ],
          [
            0.0,
            -4.371138828673793e-08,
            1.0,
            0.17505034804344177
          ],
          [
            -0.33893242478370667,
            0.9408109188079834,
            4.1124152971860894e-08,
            -7.619898796081543
          ],
          [
            0.0,
            0.0,
            0.0,
            1.0
          ]
        ],
        "agent_0_target_pos": [
          -4.157390117645264,
          0.6589400172233582,
          -2.7085299491882324
        ],
        "agent_1_camera_extrinsic": [
          [
            0.9858928322792053,
            3.725291630729544e-09,
            -0.16737820208072662,
            4.118135929107666
          ],
          [
            -0.06216270476579666,
            0.9284766316413879,
            -0.3661514222621918,
            -4.841663360595703
          ],
          [
            0.15540677309036255,
            0.37139075994491577,
            0.9153786301612854,
            8.40172290802002
          ],
          [
            -0.0,
            -0.0,
            -0.0,
            0.9999999403953552
          ]
        ],
        "agent_1_ee_global_pos_sensor": [
          -5.431966781616211,
          1.2044665813446045,
          -9.204556465148926
        ],
        "agent_1_ee_pos": [
          0.6349477767944336,
          -0.30344152450561523,
          1.0294162034988403
        ],
        "agent_1_has_finished_oracle_nav": [
          0.0
        ],
        "agent_1_localization_sensor": [
          -5.624850749969482,
          0.17505034804344177,
          -8.527776718139648,
          1.7389661073684692
        ],
        "agent_1_obj_pos": [
          -6.193659782409668,
          1.016700029373169,
          -5.845560073852539
        ],
        "agent_1_robot_trans_martix": [
          [
            -0.16737817227840424,
            -0.985892653465271,
            -4.309473666808117e-08,
            -5.624850749969482
          ],
          [
            0.0,
            -4.371138828673793e-08,
            1.0,
            0.17505034804344177
          ],
          [
            -0.9858925938606262,
            0.16737818717956543,
            7.316332872875364e-09,
            -8.527776718139648
          ],
          [
            0.0,
            0.0,
            0.0,
            1.0
          ]
        ],
        "agent_1_target_pos": [
          -4.49429988861084,
          0.567579984664917,
          -2.7136199474334717
        ]
      }
    },
    {
      "step": "2",
      "data": {
        "agent_0_camera_extrinsic": [
          [
            0.25944602489471436,
            7.450578820566989e-09,
            -0.9657573699951172,
            -5.744925498962402
          ],
          [
            -0.3586735129356384,
            0.9284766912460327,
            -0.09635590016841888,
            -4.335127353668213
          ],
          [
            0.8966832160949707,
            0.37139075994491577,
            0.24088963866233826,
            7.135376453399658
          ],
          [
            -0.0,
            -0.0,
            -0.0,
            1.0
          ]
        ],
        "agent_0_ee_global_pos_sensor": [
          -6.765194892883301,
          1.1727274656295776,
          -8.025383949279785
        ],
        "agent_0_ee_pos": [
          0.6306357383728027,
          -0.2504453659057617,
          0.9976771473884583
        ],
        "agent_0_has_finished_oracle_nav": [
          0.0
        ],
        "agent_0_localization_sensor": [
          -6.22113037109375,
          0.17505034804344177,
          -7.619898796081543,
          2.8791444301605225
        ],
        "agent_0_obj_pos": [
          -7.30063009262085,
          0.9264600276947021,
          -7.263229846954346
        ],
        "agent_0_robot_trans_martix": [
          [
            -0.9657577872276306,
            -0.2594461143016815,
            -1.1340749672683614e-08,
            -6.22113037109375
          ],
          [
            0.0,
            -4.371138828673793e-08,
            1.0,
            0.17505034804344177
          ],
          [
            -0.25944608449935913,
            0.9657578468322754,
            4.221461580300456e-08,
            -7.619898796081543
          ],
          [
            0.0,
            0.0,
            0.0,
            1.0
          ]
        ],
        "agent_0_target_pos": [
          -4.157390117645264,
          0.6589400172233582,
          -2.7085299491882324
        ],
        "agent_1_camera_extrinsic": [
          [
            0.9858928322792053,
            3.725291630729544e-09,
            -0.16737820208072662,
            4.118135929107666
          ],
          [
            -0.06216270476579666,
            0.9284766316413879,
            -0.3661514222621918,
            -4.841663360595703
          ],
          [
            0.15540677309036255,
            0.37139075994491577,
            0.9153786301612854,
            8.40172290802002
          ],
          [
            -0.0,
            -0.0,
            -0.0,
            0.9999999403953552
          ]
        ],
        "agent_1_ee_global_pos_sensor": [
          -5.431966781616211,
          1.2044665813446045,
          -9.204556465148926
        ],
        "agent_1_ee_pos": [
          0.6349477767944336,
          -0.30344152450561523,
          1.0294162034988403
        ],
        "agent_1_has_finished_oracle_nav": [
          0.0
        ],
        "agent_1_localization_sensor": [
          -5.624850749969482,
          0.17505034804344177,
          -8.527776718139648,
          1.7389661073684692
        ],
        "agent_1_obj_pos": [
          -6.193659782409668,
          1.016700029373169,
          -5.845560073852539
        ],
        "agent_1_robot_trans_martix": [
          [
            -0.16737817227840424,
            -0.985892653465271,
            -4.309473666808117e-08,
            -5.624850749969482
          ],
          [
            0.0,
            -4.371138828673793e-08,
            1.0,
            0.17505034804344177
          ],
          [
            -0.9858925938606262,
            0.16737818717956543,
            7.316332872875364e-09,
            -8.527776718139648
          ],
          [
            0.0,
            0.0,
            0.0,
            1.0
          ]
        ],
        "agent_1_target_pos": [
          -4.49429988861084,
          0.567579984664917,
          -2.7136199474334717
        ]
      }
    },
    {
      "step": "3",
      "data": {
        "agent_0_camera_extrinsic": [
          [
            0.17815908789634705,
            -7.450580596923828e-09,
            -0.9840017557144165,
            -6.389642715454102
          ],
          [
            -0.36544910073280334,
            0.9284766316413879,
            -0.06616663187742233,
            -4.147239685058594
          ],
          [
            0.9136226177215576,
            0.3713907301425934,
            0.16541655361652374,
            6.665660858154297
          ],
          [
            -0.0,
            0.0,
            -0.0,
            1.0
          ]
        ],
        "agent_0_ee_global_pos_sensor": [
          -6.797057628631592,
          1.172727346420288,
          -7.978689670562744
        ],
        "agent_0_ee_pos": [
          0.6306362152099609,
          -0.2504439353942871,
          0.9976769089698792
        ],
        "agent_0_has_finished_oracle_nav": [
          0.0
        ],
        "agent_0_localization_sensor": [
          -6.22113037109375,
          0.17505034804344177,
          -7.619898796081543,
          2.962477684020996
        ],
        "agent_0_obj_pos": [
          -7.30063009262085,
          0.9264600276947021,
          -7.263229846954346
        ],
        "agent_0_robot_trans_martix": [
          [
            -0.9840016961097717,
            -0.17815901339054108,
            -7.787577693818548e-09,
            -6.22113037109375
          ],
          [
            0.0,
            -4.371138828673793e-08,
            1.0,
            0.17505034804344177
          ],
          [
            -0.17815899848937988,
            0.9840017557144165,
            4.3012082784343875e-08,
            -7.619898796081543
          ],
          [
            0.0,
            0.0,
            0.0,
            1.0
          ]
        ],
        "agent_0_target_pos": [
          -4.157390117645264,
          0.6589400172233582,
          -2.7085299491882324
        ],
        "agent_1_camera_extrinsic": [
          [
            0.9858928322792053,
            3.725291630729544e-09,
            -0.16737820208072662,
            4.118135929107666
          ],
          [
            -0.06216270476579666,
            0.9284766316413879,
            -0.3661514222621918,
            -4.841663360595703
          ],
          [
            0.15540677309036255,
            0.37139075994491577,
            0.9153786301612854,
            8.40172290802002
          ],
          [
            -0.0,
            -0.0,
            -0.0,
            0.9999999403953552
          ]
        ],
        "agent_1_ee_global_pos_sensor": [
          -5.431966781616211,
          1.2044665813446045,
          -9.204556465148926
        ],
        "agent_1_ee_pos": [
          0.6349477767944336,
          -0.30344152450561523,
          1.0294162034988403
        ],
        "agent_1_has_finished_oracle_nav": [
          0.0
        ],
        "agent_1_localization_sensor": [
          -5.624850749969482,
          0.17505034804344177,
          -8.527776718139648,
          1.7389661073684692
        ],
        "agent_1_obj_pos": [
          -6.193659782409668,
          1.016700029373169,
          -5.845560073852539
        ],
        "agent_1_robot_trans_martix": [
          [
            -0.16737817227840424,
            -0.985892653465271,
            -4.309473666808117e-08,
            -5.624850749969482
          ],
          [
            0.0,
            -4.371138828673793e-08,
            1.0,
            0.17505034804344177
          ],
          [
            -0.9858925938606262,
            0.16737818717956543,
            7.316332872875364e-09,
            -8.527776718139648
          ],
          [
            0.0,
            0.0,
            0.0,
            1.0
          ]
        ],
        "agent_1_target_pos": [
          -4.49429988861084,
          0.567579984664917,
          -2.7136199474334717
        ]
      }
    },
    {
      "step": "4",
      "data": {
        "agent_0_camera_extrinsic": [
          [
            0.09563565999269485,
            6.705520405603238e-08,
            -0.9954162836074829,
            -6.990009307861328
          ],
          [
            -0.3696884214878082,
            0.9284766912460327,
            -0.035518184304237366,
            -3.940074920654297
          ],
          [
            0.9242207407951355,
            0.3713906705379486,
            0.088795505464077,
            6.147748947143555
          ],
          [
            -0.0,
            -0.0,
            -0.0,
            1.0
          ]
        ],
        "agent_0_ee_global_pos_sensor": [
          -6.824923992156982,
          1.1727272272109985,
          -7.929507255554199
        ],
        "agent_0_ee_pos": [
          0.6306352615356445,
          -0.2504458427429199,
          0.9976767897605896
        ],
        "agent_0_has_finished_oracle_nav": [
          0.0
        ],
        "agent_0_localization_sensor": [
          -6.22113037109375,
          0.17505034804344177,
          -7.619898796081543,
          3.045811176300049
        ],
        "agent_0_obj_pos": [
          -7.30063009262085,
          0.9264600276947021,
          -7.263229846954346
        ],
        "agent_0_robot_trans_martix": [
          [
            -0.9954164624214172,
            -0.09563551843166351,
            -4.180361390382359e-09,
            -6.22113037109375
          ],
          [
            0.0,
            -4.371138828673793e-08,
            1.0,
            0.17505034804344177
          ],
          [
            -0.09563551098108292,
            0.995416522026062,
            4.3511036551535653e-08,
            -7.619898796081543
          ],
          [
            0.0,
            0.0,
            0.0,
            1.0
          ]
        ],
        "agent_0_target_pos": [
          -4.157390117645264,
          0.6589400172233582,
          -2.7085299491882324
        ],
        "agent_1_camera_extrinsic": [
          [
            0.9858928322792053,
            3.725291630729544e-09,
            -0.16737820208072662,
            4.118135929107666
          ],
          [
            -0.06216270476579666,
            0.9284766316413879,
            -0.3661514222621918,
            -4.841663360595703
          ],
          [
            0.15540677309036255,
            0.37139075994491577,
            0.9153786301612854,
            8.40172290802002
          ],
          [
            -0.0,
            -0.0,
            -0.0,
            0.9999999403953552
          ]
        ],
        "agent_1_ee_global_pos_sensor": [
          -5.431966781616211,
          1.2044665813446045,
          -9.204556465148926
        ],
        "agent_1_ee_pos": [
          0.6349477767944336,
          -0.30344152450561523,
          1.0294162034988403
        ],
        "agent_1_has_finished_oracle_nav": [
          0.0
        ],
        "agent_1_localization_sensor": [
          -5.624850749969482,
          0.17505034804344177,
          -8.527776718139648,
          1.7389661073684692
        ],
        "agent_1_obj_pos": [
          -6.193659782409668,
          1.016700029373169,
          -5.845560073852539
        ],
        "agent_1_robot_trans_martix": [
          [
            -0.16737817227840424,
            -0.985892653465271,
            -4.309473666808117e-08,
            -5.624850749969482
          ],
          [
            0.0,
            -4.371138828673793e-08,
            1.0,
            0.17505034804344177
          ],
          [
            -0.9858925938606262,
            0.16737818717956543,
            7.316332872875364e-09,
            -8.527776718139648
          ],
          [
            0.0,
            0.0,
            0.0,
            1.0
          ]
        ],
        "agent_1_target_pos": [
          -4.49429988861084,
          0.567579984664917,
          -2.7136199474334717
        ]
      }
    },
    {
      "step": "5",
      "data": {
        "agent_0_camera_extrinsic": [
          [
            0.012448105029761791,
            -4.2840824221457297e-08,
            -0.9999222159385681,
            -7.541864395141602
          ],
          [
            -0.3713620603084564,
            0.9284767508506775,
            -0.004623145330697298,
            -3.7150697708129883
          ],
          [
            0.9284045100212097,
            0.37139078974723816,
            0.011557777412235737,
            5.585233211517334
          ],
          [
            -0.0,
            0.0,
            -0.0,
            1.0
          ]
        ],
        "agent_0_ee_global_pos_sensor": [
          -6.848599910736084,
          1.172727346420288,
          -7.878175258636475
        ],
        "agent_0_ee_pos": [
          0.6306362152099609,
          -0.2504453659057617,
          0.9976769685745239
        ],
        "agent_0_has_finished_oracle_nav": [
          0.0
        ],
        "agent_0_localization_sensor": [
          -6.22113037109375,
          0.17505034804344177,
          -7.619898796081543,
          3.129148483276367
        ],
        "agent_0_obj_pos": [
          -7.30063009262085,
          0.9264600276947021,
          -7.263229846954346
        ],
        "agent_0_robot_trans_martix": [
          [
            -0.9999226927757263,
            -0.01244825217872858,
            -5.441304073983133e-10,
            -6.22113037109375
          ],
          [
            0.0,
            -4.371138828673793e-08,
            1.0,
            0.17505034804344177
          ],
          [
            -0.012448251247406006,
            0.9999227523803711,
            4.370801320874307e-08,
            -7.619898796081543
          ],
          [
            0.0,
            0.0,
            0.0,
            1.0
          ]
        ],
        "agent_0_target_pos": [
          -4.157390117645264,
          0.6589400172233582,
          -2.7085299491882324
        ],
        "agent_1_camera_extrinsic": [
          [
            0.9858928322792053,
            3.725291630729544e-09,
            -0.16737820208072662,
            4.118135929107666
          ],
          [
            -0.06216270476579666,
            0.9284766316413879,
            -0.3661514222621918,
            -4.841663360595703
          ],
          [
            0.15540677309036255,
            0.37139075994491577,
            0.9153786301612854,
            8.40172290802002
          ],
          [
            -0.0,
            -0.0,
            -0.0,
            0.9999999403953552
          ]
        ],
        "agent_1_ee_global_pos_sensor": [
          -5.431966781616211,
          1.2044665813446045,
          -9.204556465148926
        ],
        "agent_1_ee_pos": [
          0.6349477767944336,
          -0.30344152450561523,
          1.0294162034988403
        ],
        "agent_1_has_finished_oracle_nav": [
          0.0
        ],
        "agent_1_localization_sensor": [
          -5.624850749969482,
          0.17505034804344177,
          -8.527776718139648,
          1.7389661073684692
        ],
        "agent_1_obj_pos": [
          -6.193659782409668,
          1.016700029373169,
          -5.845560073852539
        ],
        "agent_1_robot_trans_martix": [
          [
            -0.16737817227840424,
            -0.985892653465271,
            -4.309473666808117e-08,
            -5.624850749969482
          ],
          [
            0.0,
            -4.371138828673793e-08,
            1.0,
            0.17505034804344177
          ],
          [
            -0.9858925938606262,
            0.16737818717956543,
            7.316332872875364e-09,
            -8.527776718139648
          ],
          [
            0.0,
            0.0,
            0.0,
            1.0
          ]
        ],
        "agent_1_target_pos": [
          -4.49429988861084,
          0.567579984664917,
          -2.7136199474334717
        ]
      }
    },
    {
      "step": "6",
      "data": {
        "agent_0_camera_extrinsic": [
          [
            -0.0708254799246788,
            -1.8626442610525373e-08,
            -0.9974883794784546,
            -8.041375160217285
          ],
          [
            -0.37045812606811523,
            0.9284766316413879,
            0.02630392648279667,
            -3.473785161972046
          ],
          [
            0.9261448383331299,
            0.37139075994491577,
            -0.0657598227262497,
            4.982022762298584
          ],
          [
            -0.0,
            0.0,
            0.0,
            1.0
          ]
        ],
        "agent_0_ee_global_pos_sensor": [
          -6.867919921875,
          1.1727274656295776,
          -7.82504940032959
        ],
        "agent_0_ee_pos": [
          0.6306352615356445,
          -0.2504444122314453,
          0.9976770877838135
        ],
        "agent_0_has_finished_oracle_nav": [
          0.0
        ],
        "agent_0_localization_sensor": [
          -6.22113037109375,
          0.17505034804344177,
          -7.619898796081543,
          -3.070708990097046
        ],
        "agent_0_obj_pos": [
          -7.30063009262085,
          0.9264600276947021,
          -7.263229846954346
        ],
        "agent_0_robot_trans_martix": [
          [
            -0.9974889159202576,
            0.07082542032003403,
            3.095877554315507e-09,
            -6.22113037109375
          ],
          [
            0.0,
            -4.371138828673793e-08,
            1.0,
            0.17505034804344177
          ],
          [
            0.07082541286945343,
            0.9974889755249023,
            4.360162719763139e-08,
            -7.619898796081543
          ],
          [
            0.0,
            0.0,
            0.0,
            1.0
          ]
        ],
        "agent_0_target_pos": [
          -4.157390117645264,
          0.6589400172233582,
          -2.7085299491882324
        ],
        "agent_1_camera_extrinsic": [
          [
            0.9858928322792053,
            3.725291630729544e-09,
            -0.16737820208072662,
            4.118135929107666
          ],
          [
            -0.06216270476579666,
            0.9284766316413879,
            -0.3661514222621918,
            -4.841663360595703
          ],
          [
            0.15540677309036255,
            0.37139075994491577,
            0.9153786301612854,
            8.40172290802002
          ],
          [
            -0.0,
            -0.0,
            -0.0,
            0.9999999403953552
          ]
        ],
        "agent_1_ee_global_pos_sensor": [
          -5.431966781616211,
          1.2044665813446045,
          -9.204556465148926
        ],
        "agent_1_ee_pos": [
          0.6349477767944336,
          -0.30344152450561523,
          1.0294162034988403
        ],
        "agent_1_has_finished_oracle_nav": [
          0.0
        ],
        "agent_1_localization_sensor": [
          -5.624850749969482,
          0.17505034804344177,
          -8.527776718139648,
          1.7389661073684692
        ],
        "agent_1_obj_pos": [
          -6.193659782409668,
          1.016700029373169,
          -5.845560073852539
        ],
        "agent_1_robot_trans_martix": [
          [
            -0.16737817227840424,
            -0.985892653465271,
            -4.309473666808117e-08,
            -5.624850749969482
          ],
          [
            0.0,
            -4.371138828673793e-08,
            1.0,
            0.17505034804344177
          ],
          [
            -0.9858925938606262,
            0.16737818717956543,
            7.316332872875364e-09,
            -8.527776718139648
          ],
          [
            0.0,
            0.0,
            0.0,
            1.0
          ]
        ],
        "agent_1_target_pos": [
          -4.49429988861084,
          0.567579984664917,
          -2.7136199474334717
        ]
      }
    },
    {
      "step": "7",
      "data": {
        "agent_0_camera_extrinsic": [
          [
            -0.1536075323820114,
            -3.725290653733282e-08,
            -0.9881319403648376,
            -8.485077857971191
          ],
          [
            -0.3669831156730652,
            0.9284768104553223,
            0.057048410177230835,
            -3.2178969383239746
          ],
          [
            0.9174574017524719,
            0.3713907301425934,
            -0.1426209956407547,
            4.3423027992248535
          ],
          [
            -0.0,
            0.0,
            0.0,
            1.0
          ]
        ],
        "agent_0_ee_global_pos_sensor": [
          -6.88275146484375,
          1.172727346420288,
          -7.770501136779785
        ],
        "agent_0_ee_pos": [
          0.6306352615356445,
          -0.2504444122314453,
          0.9976769685745239
        ],
        "agent_0_has_finished_oracle_nav": [
          0.0
        ],
        "agent_0_localization_sensor": [
          -6.22113037109375,
          0.17505034804344177,
          -7.619898796081543,
          -2.9873745441436768
        ],
        "agent_0_obj_pos": [
          -7.30063009262085,
          0.9264600276947021,
          -7.263229846954346
        ],
        "agent_0_robot_trans_martix": [
          [
            -0.9881319403648376,
            0.15360751748085022,
            6.714397926543825e-09,
            -6.22113037109375
          ],
          [
            0.0,
            -4.371138828673793e-08,
            1.0,
            0.17505034804344177
          ],
          [
            0.15360750257968903,
            0.9881319999694824,
            4.319262103535948e-08,
            -7.619898796081543
          ],
          [
            0.0,
            0.0,
            0.0,
            1.0
          ]
        ],
        "agent_0_target_pos": [
          -4.157390117645264,
          0.6589400172233582,
          -2.7085299491882324
        ],
        "agent_1_camera_extrinsic": [
          [
            0.9858928322792053,
            3.725291630729544e-09,
            -0.16737820208072662,
            4.118135929107666
          ],
          [
            -0.06216270476579666,
            0.9284766316413879,
            -0.3661514222621918,
            -4.841663360595703
          ],
          [
            0.15540677309036255,
            0.37139075994491577,
            0.9153786301612854,
            8.40172290802002
          ],
          [
            -0.0,
            -0.0,
            -0.0,
            0.9999999403953552
          ]
        ],
        "agent_1_ee_global_pos_sensor": [
          -5.431966781616211,
          1.2044665813446045,
          -9.204556465148926
        ],
        "agent_1_ee_pos": [
          0.6349477767944336,
          -0.30344152450561523,
          1.0294162034988403
        ],
        "agent_1_has_finished_oracle_nav": [
          0.0
        ],
        "agent_1_localization_sensor": [
          -5.624850749969482,
          0.17505034804344177,
          -8.527776718139648,
          1.7389661073684692
        ],
        "agent_1_obj_pos": [
          -6.193659782409668,
          1.016700029373169,
          -5.845560073852539
        ],
        "agent_1_robot_trans_martix": [
          [
            -0.16737817227840424,
            -0.985892653465271,
            -4.309473666808117e-08,
            -5.624850749969482
          ],
          [
            0.0,
            -4.371138828673793e-08,
            1.0,
            0.17505034804344177
          ],
          [
            -0.9858925938606262,
            0.16737818717956543,
            7.316332872875364e-09,
            -8.527776718139648
          ],
          [
            0.0,
            0.0,
            0.0,
            1.0
          ]
        ],
        "agent_1_target_pos": [
          -4.49429988861084,
          0.567579984664917,
          -2.7136199474334717
        ]
      }
    },
    {
      "step": "8",
      "data": {
        "agent_0_camera_extrinsic": [
          [
            -0.2353234589099884,
            -0.0,
            -0.9719167947769165,
            -8.869885444641113
          ],
          [
            -0.36096104979515076,
            0.9284766912460327,
            0.0873970165848732,
            -2.949179172515869
          ],
          [
            0.9024019241333008,
            0.3713906705379486,
            -0.218492329120636,
            3.670508861541748
          ],
          [
            -0.0,
            0.0,
            -0.0,
            1.0
          ]
        ],
        "agent_0_ee_global_pos_sensor": [
          -6.892991542816162,
          1.1727274656295776,
          -7.714907646179199
        ],
        "agent_0_ee_pos": [
          0.6306357383728027,
          -0.2504444122314453,
          0.9976770281791687
        ],
        "agent_0_has_finished_oracle_nav": [
          0.0
        ],
        "agent_0_localization_sensor": [
          -6.22113037109375,
          0.17505034804344177,
          -7.619898796081543,
          -2.904041290283203
        ],
        "agent_0_obj_pos": [
          -7.30063009262085,
          0.9264600276947021,
          -7.263229846954346
        ],
        "agent_0_robot_trans_martix": [
          [
            -0.9719173312187195,
            0.23532356321811676,
            1.028631935184876e-08,
            -6.22113037109375
          ],
          [
            0.0,
            -4.371138828673793e-08,
            1.0,
            0.17505034804344177
          ],
          [
            0.23532354831695557,
            0.9719173908233643,
            4.248385820915246e-08,
            -7.619898796081543
          ],
          [
            0.0,
            0.0,
            0.0,
            1.0
          ]
        ],
        "agent_0_target_pos": [
          -4.157390117645264,
          0.6589400172233582,
          -2.7085299491882324
        ],
        "agent_1_camera_extrinsic": [
          [
            0.9858928322792053,
            3.725291630729544e-09,
            -0.16737820208072662,
            4.118135929107666
          ],
          [
            -0.06216270476579666,
            0.9284766316413879,
            -0.3661514222621918,
            -4.841663360595703
          ],
          [
            0.15540677309036255,
            0.37139075994491577,
            0.9153786301612854,
            8.40172290802002
          ],
          [
            -0.0,
            -0.0,
            -0.0,
            0.9999999403953552
          ]
        ],
        "agent_1_ee_global_pos_sensor": [
          -5.431966781616211,
          1.2044665813446045,
          -9.204556465148926
        ],
        "agent_1_ee_pos": [
          0.6349477767944336,
          -0.30344152450561523,
          1.0294162034988403
        ],
        "agent_1_has_finished_oracle_nav": [
          0.0
        ],
        "agent_1_localization_sensor": [
          -5.624850749969482,
          0.17505034804344177,
          -8.527776718139648,
          1.7389661073684692
        ],
        "agent_1_obj_pos": [
          -6.193659782409668,
          1.016700029373169,
          -5.845560073852539
        ],
        "agent_1_robot_trans_martix": [
          [
            -0.16737817227840424,
            -0.985892653465271,
            -4.309473666808117e-08,
            -5.624850749969482
          ],
          [
            0.0,
            -4.371138828673793e-08,
            1.0,
            0.17505034804344177
          ],
          [
            -0.9858925938606262,
            0.16737818717956543,
            7.316332872875364e-09,
            -8.527776718139648
          ],
          [
            0.0,
            0.0,
            0.0,
            1.0
          ]
        ],
        "agent_1_target_pos": [
          -4.49429988861084,
          0.567579984664917,
          -2.7136199474334717
        ]
      }
    },
    {
      "step": "9",
      "data": {
        "agent_0_camera_extrinsic": [
          [
            -0.3154059052467346,
            7.450577044210149e-08,
            -0.9489564299583435,
            -9.193133354187012
          ],
          [
            -0.35243383049964905,
            0.9284766316413879,
            0.11713892966508865,
            -2.6695001125335693
          ],
          [
            0.8810840845108032,
            0.3713906407356262,
            -0.29284700751304626,
            2.9713120460510254
          ],
          [
            -0.0,
            -0.0,
            -0.0,
            0.9999998807907104
          ]
        ],
        "agent_0_ee_global_pos_sensor": [
          -6.8985676765441895,
          1.1727274656295776,
          -7.658653736114502
        ],
        "agent_0_ee_pos": [
          0.6306350231170654,
          -0.2504444122314453,
          0.9976770281791687
        ],
        "agent_0_has_finished_oracle_nav": [
          0.0
        ],
        "agent_0_localization_sensor": [
          -6.22113037109375,
          0.17505034804344177,
          -7.619898796081543,
          -2.8207080364227295
        ],
        "agent_0_obj_pos": [
          -7.30063009262085,
          0.9264600276947021,
          -7.263229846954346
        ],
        "agent_0_robot_trans_martix": [
          [
            -0.9489569067955017,
            0.31540632247924805,
            1.378684810759978e-08,
            -6.22113037109375
          ],
          [
            0.0,
            -4.371138828673793e-08,
            1.0,
            0.17505034804344177
          ],
          [
            0.31540629267692566,
            0.9489569664001465,
            4.1480227253032353e-08,
            -7.619898796081543
          ],
          [
            0.0,
            0.0,
            0.0,
            1.0
          ]
        ],
        "agent_0_target_pos": [
          -4.157390117645264,
          0.6589400172233582,
          -2.7085299491882324
        ],
        "agent_1_camera_extrinsic": [
          [
            0.9858928322792053,
            3.725291630729544e-09,
            -0.16737820208072662,
            4.118135929107666
          ],
          [
            -0.06216270476579666,
            0.9284766316413879,
            -0.3661514222621918,
            -4.841663360595703
          ],
          [
            0.15540677309036255,
            0.37139075994491577,
            0.9153786301612854,
            8.40172290802002
          ],
          [
            -0.0,
            -0.0,
            -0.0,
            0.9999999403953552
          ]
        ],
        "agent_1_ee_global_pos_sensor": [
          -5.431966781616211,
          1.2044665813446045,
          -9.204556465148926
        ],
        "agent_1_ee_pos": [
          0.6349477767944336,
          -0.30344152450561523,
          1.0294162034988403
        ],
        "agent_1_has_finished_oracle_nav": [
          0.0
        ],
        "agent_1_localization_sensor": [
          -5.624850749969482,
          0.17505034804344177,
          -8.527776718139648,
          1.7389661073684692
        ],
        "agent_1_obj_pos": [
          -6.193659782409668,
          1.016700029373169,
          -5.845560073852539
        ],
        "agent_1_robot_trans_martix": [
          [
            -0.16737817227840424,
            -0.985892653465271,
            -4.309473666808117e-08,
            -5.624850749969482
          ],
          [
            0.0,
            -4.371138828673793e-08,
            1.0,
            0.17505034804344177
          ],
          [
            -0.9858925938606262,
            0.16737818717956543,
            7.316332872875364e-09,
            -8.527776718139648
          ],
          [
            0.0,
            0.0,
            0.0,
            1.0
          ]
        ],
        "agent_1_target_pos": [
          -4.49429988861084,
          0.567579984664917,
          -2.7136199474334717
        ]
      }
    },
    {
      "step": "10",
      "data": {
        "agent_0_camera_extrinsic": [
          [
            -0.39329972863197327,
            3.725289587919178e-08,
            -0.9194101095199585,
            -9.452582359313965
          ],
          [
            -0.34146052598953247,
            0.9284766912460327,
            0.14606793224811554,
            -2.380797863006592
          ],
          [
            0.8536509275436401,
            0.37139075994491577,
            -0.36516961455345154,
            2.249556303024292
          ],
          [
            -0.0,
            -0.0,
            -0.0,
            1.0
          ]
        ],
        "agent_0_ee_global_pos_sensor": [
          -6.89944314956665,
          1.1727274656295776,
          -7.6021318435668945
        ],
        "agent_0_ee_pos": [
          0.6306352615356445,
          -0.2504453659057617,
          0.9976770281791687
        ],
        "agent_0_has_finished_oracle_nav": [
          0.0
        ],
        "agent_0_localization_sensor": [
          -6.22113037109375,
          0.17505034804344177,
          -7.619898796081543,
          -2.737374782562256
        ],
        "agent_0_obj_pos": [
          -7.30063009262085,
          0.9264600276947021,
          -7.263229846954346
        ],
        "agent_0_robot_trans_martix": [
          [
            -0.9194104075431824,
            0.3932998776435852,
            1.719168452041231e-08,
            -6.22113037109375
          ],
          [
            0.0,
            -4.371138828673793e-08,
            1.0,
            0.17505034804344177
          ],
          [
            0.3932998478412628,
            0.9194104671478271,
            4.018870924937801e-08,
            -7.619898796081543
          ],
          [
            0.0,
            0.0,
            0.0,
            1.0
          ]
        ],
        "agent_0_target_pos": [
          -4.157390117645264,
          0.6589400172233582,
          -2.7085299491882324
        ],
        "agent_1_camera_extrinsic": [
          [
            0.9858928322792053,
            3.725291630729544e-09,
            -0.16737820208072662,
            4.118135929107666
          ],
          [
            -0.06216270476579666,
            0.9284766316413879,
            -0.3661514222621918,
            -4.841663360595703
          ],
          [
            0.15540677309036255,
            0.37139075994491577,
            0.9153786301612854,
            8.40172290802002
          ],
          [
            -0.0,
            -0.0,
            -0.0,
            0.9999999403953552
          ]
        ],
        "agent_1_ee_global_pos_sensor": [
          -5.431966781616211,
          1.2044665813446045,
          -9.204556465148926
        ],
        "agent_1_ee_pos": [
          0.6349477767944336,
          -0.30344152450561523,
          1.0294162034988403
        ],
        "agent_1_has_finished_oracle_nav": [
          0.0
        ],
        "agent_1_localization_sensor": [
          -5.624850749969482,
          0.17505034804344177,
          -8.527776718139648,
          1.7389661073684692
        ],
        "agent_1_obj_pos": [
          -6.193659782409668,
          1.016700029373169,
          -5.845560073852539
        ],
        "agent_1_robot_trans_martix": [
          [
            -0.16737817227840424,
            -0.985892653465271,
            -4.309473666808117e-08,
            -5.624850749969482
          ],
          [
            0.0,
            -4.371138828673793e-08,
            1.0,
            0.17505034804344177
          ],
          [
            -0.9858925938606262,
            0.16737818717956543,
            7.316332872875364e-09,
            -8.527776718139648
          ],
          [
            0.0,
            0.0,
            0.0,
            1.0
          ]
        ],
        "agent_1_target_pos": [
          -4.49429988861084,
          0.567579984664917,
          -2.7136199474334717
        ]
      }
    },
    {
